;date;SPD;Union;Grüne;FDP;AfD;Linke;FW;Andere;standardized_war_articles
0;22.12.2023;14;32;14;5;21;3;4;7;0.14658849844408614
1;07.12.2023;14;32;15;4;21;3;3;8;0.18714531574069984
2;10.11.2023;15;30;15;5;21;4;3;7;0.19762641740329362
3;02.11.2023;16;30;14;4;22;5;3;6;0.1758686446186446
4;13.10.2023;15;29;13;5;23;4;4;7;0.23428181549299557
5;28.09.2023;16;28;14;6;22;4;3;7;0.1386864032025322
6;15.09.2023;16;28;15;7;22;4;-;8;0.10223788668372281
7;31.08.2023;16;29;14;6;22;4;-;9;0.06182021999127533
8;18.08.2023;17;27;14;7;21;4;-;10;0.10315031673114376
9;04.08.2023;17;27;15;7;21;4;-;9;0.1345712234356258
10;21.07.2023;18;28;13;7;20;4;-;10;0.11203305883757009
11;06.07.2023;18;28;14;7;20;4;-;9;0.11721170346170344
12;23.06.2023;17;29;15;6;19;4;-;10;0.11793656676860235
13;01.06.2023;18;29;15;7;18;4;-;9;0.1502865415634588
14;12.05.2023;18;28;16;8;16;5;-;9;0.13062051540312408
15;04.05.2023;17;30;16;7;16;5;-;9;0.1435973550259264
16;14.04.2023;19;29;17;7;15;4;-;9;0.15955730777159347
17;06.04.2023;18;30;17;7;15;4;-;9;0.1043323800177113
18;17.03.2023;18;30;16;7;15;5;-;9;0.09821023146100542
19;02.03.2023;18;31;17;6;14;5;-;9;0.20625558651874437
20;17.02.2023;19;29;17;6;15;5;-;9;0.08273730399774079
21;02.02.2023;20;27;18;7;15;4;-;9;0.13514827580911234
22;19.01.2023;19;29;19;6;14;4;-;9;0.10407667625254868
23;05.01.2023;18;29;19;6;15;5;-;8;0.15493662029671026
24;09.12.2022;18;29;18;6;15;5;-;9;0.11608904879581569
25;01.12.2022;18;30;18;5;15;5;-;9;0.1306085601384471
26;11.11.2022;18;28;19;7;14;4;-;10;0.08351343727283571
27;03.11.2022;19;28;19;6;14;5;-;9;0.11448170731707316
28;14.10.2022;19;26;20;6;15;5;-;9;0.14164232135242658
29;06.10.2022;17;28;19;7;15;5;-;9;0.07491557120867584
30;16.09.2022;17;28;21;7;14;5;-;8;0.14570882574906877
31;01.09.2022;17;27;22;8;13;5;-;8;0.11816251639986008
32;19.08.2022;18;28;23;7;12;4;-;8;0.16401416533442464
33;04.08.2022;17;28;23;7;13;4;-;8;0.15527798181250865
34;22.07.2022;19;27;22;7;12;4;-;9;0.11476567726567725
35;07.07.2022;19;27;23;8;11;4;-;8;0.10807121445862064
36;24.06.2022;20;26;23;8;12;4;-;7;0.11646237592437965
37;02.06.2022;21;27;21;8;11;4;-;8;0.1583070860479498
38;13.05.2022;22;26;20;8;11;4;-;9;0.17963442155171472
39;28.04.2022;24;26;18;9;11;3;-;9;0.2052414706992327
40;14.04.2022;24;26;18;8;11;4;-;9;0.22515228158166328
41;07.04.2022;24;25;19;9;11;4;-;8;0.2881718658208614
42;18.03.2022;25;26;17;9;11;4;-;8;0.3309371513166382
43;03.03.2022;25;26;16;9;11;5;-;8;0.3605183567269001
44;18.02.2022;24;26;15;9;12;5;-;9;0.09310143819322672
45;03.02.2022;22;27;16;10;12;5;-;8;0.08063225290116045
46;21.01.2022;25;24;16;10;12;5;-;8;0.08535660624295989
47;06.01.2022;26;23;16;11;11;5;-;8;0.024698108908635212
48;10.12.2021;26;23;16;12;11;5;-;7;0.0567694070635247
49;02.12.2021;25;23;17;12;11;5;-;7;0.02594065413347014
50;26.11.2021;25;21;17;13;11;5;-;8;0.012316174543777429
51;04.11.2021;27;21;16;13;10;5;-;8;0.04626699854610088
52;29.10.2021;26;22;16;13;10;4;-;9;0.04609538205236848
53;16.09.2021;26;22;15;11;11;6;3;6;0.015306122448979585
54;02.09.2021;25;20;16;13;12;6;-;8;0.04654476691118253
55;20.08.2021;21;23;17;13;11;7;-;8;0.015873015873015855
56;05.08.2021;18;27;19;12;10;6;-;8;0.05721488595438174
57;23.07.2021;16;29;19;12;10;6;-;8;0.035416158052792156
58;01.07.2021;15;28;20;11;11;7;-;8;0.05652198509341365
59;25.06.2021;15;28;21;11;12;6;3;4;0.021379778522635645
60;10.06.2021;14;28;20;12;12;7;-;7;0.017927019959460815
61;14.05.2021;15;24;25;12;11;7;-;6;0.08122439084526731
62;06.05.2021;14;23;26;11;12;6;3;5;0.025226757369614487
63;16.04.2021;15;28;21;11;11;7;-;7;0.07287103652649869
64;01.04.2021;16;27;22;9;11;7;-;8;0.01792091836734693
65;19.03.2021;17;29;20;9;11;7;-;7;0.03142895116579326
66;04.03.2021;16;33;20;7;11;7;-;6;0.0358731446751923
67;19.02.2021;16;33;20;8;11;6;-;6;0.02692973382628553
68;04.02.2021;15;34;21;8;10;6;-;6;0.004608294930875571
69;22.01.2021;15;34;21;7;10;6;-;7;0.011268855368234243
70;07.01.2021;14;35;21;7;10;7;-;6;0.024470697369857016
71;11.12.2020;16;36;20;6;9;7;-;6;0.011237287707875928
72;03.12.2020;15;36;21;6;10;7;-;5;0.03418201209185283
73;27.11.2020;15;35;21;7;11;7;-;4;0.03601265067430478
74;12.11.2020;15;36;20;6;10;7;-;6;0.0473205474508123
75;16.10.2020;15;35;20;6;11;7;-;6;0.031151883830455245
76;01.10.2020;15;35;21;6;10;8;-;5;0.06159917189328952
77;18.09.2020;16;36;20;5;10;8;-;5;0.03286534276109413
78;03.09.2020;17;36;19;6;10;7;-;5;0.0387996468428641
79;21.08.2020;16;37;17;6;10;8;-;6;0.04193009997521273
80;06.08.2020;15;38;18;6;11;7;-;5;0.06519424672315137
81;24.07.2020;14;37;20;5;11;7;-;6;0.03869526758071649
82;02.07.2020;16;37;20;5;10;7;-;5;0.022672419192585013
83;26.06.2020;16;37;20;5;10;7;-;5;0.03729914905030111
84;04.06.2020;15;38;19;6;9;8;-;5;0.0136943666355431
85;15.05.2020;15;38;18;6;10;7;-;6;0.0343337047462663
86;07.05.2020;16;39;18;5;9;8;-;5;0.03686194537140029
87;17.04.2020;17;38;19;5;9;7;-;5;0.012417407154249258
88;02.04.2020;16;34;22;5;10;7;-;6;0.019281850671302985
89;20.03.2020;14;30;23;7;10;9;-;7;0.0296891279034136
90;05.03.2020;16;27;23;6;12;9;-;7;0.04336922094093926
91;13.02.2020;16;26;22;7;14;9;-;6;0.019324335794924014
92;06.02.2020;14;27;22;8;14;9;-;6;0.02740217032413037
93;24.01.2020;14;26;24;8;14;8;-;6;0.04795415936720283
94;09.01.2020;13;27;23;9;14;8;-;6;0.16589900115245731
95;13.12.2019;14;27;21;8;15;8;-;7;0.07372772033862278
96;05.12.2019;13;25;23;9;15;8;-;7;0.0369717025317796
97;15.11.2019;15;25;22;7;14;9;-;8;0.023466314642110214
98;07.11.2019;14;26;22;8;14;9;-;7;0.04952777246966105
99;18.10.2019;14;28;22;7;14;8;-;7;0.041846855503029794
100;11.10.2019;13;28;24;7;14;8;-;6;0.03203167231805002
101;20.09.2019;14;27;23;8;14;8;-;6;0.10513667247736994
102;05.09.2019;14;27;23;7;15;7;-;7;0.010469583356707557
103;23.08.2019;14;26;25;7;14;7;-;7;0.041788504875634444
104;01.08.2019;12;26;26;8;14;7;-;7;0.07451697425381634
105;26.07.2019;13;26;26;9;12;8;-;6;0.05831244778613197
106;04.07.2019;13;25;26;8;13;8;-;7;0.05611860438847669
107;28.06.2019;13;26;25;9;12;7;-;8;0.04756053127535586
108;06.06.2019;12;25;26;8;13;7;-;9;0.03520699815767931
109;17.05.2019;17;29;18;8;13;8;-;7;0.08750651300912039
110;02.05.2019;18;28;20;8;12;9;-;5;0.058060181049257475
111;18.04.2019;16;29;21;8;13;8;-;5;0.03174603174603171
112;04.04.2019;17;29;20;9;12;8;-;5;0.0202020202020202
113;22.03.2019;18;29;19;9;12;8;-;5;0.02657053476725607
114;15.03.2019;17;29;19;8;13;9;-;5;0.030050358997727396
115;22.02.2019;18;30;18;8;12;8;-;6;0.017621594092182315
116;14.02.2019;17;29;19;9;13;8;-;5;0.016484998178362013
117;25.01.2019;15;28;20;9;15;8;-;5;0.003174603174603171
118;10.01.2019;15;29;20;9;14;9;-;4;0.06898909546966744
119;14.12.2018;15;31;20;8;13;8;-;5;0.012142329215499943
120;06.12.2018;14;30;20;8;14;8;-;6;0.044949894167107415
121;30.11.2018;14;28;21;9;15;8;-;5;0.08861155105057543
122;15.11.2018;14;26;23;8;14;9;-;6;0.07001163078228047
123;19.10.2018;14;25;19;11;16;9;-;6;0.015260978533289742
124;11.10.2018;15;26;17;10;16;10;-;6;0.035185397045434115
125;21.09.2018;17;28;15;9;18;10;-;3;0.021584904816856598
126;06.09.2018;18;29;14;8;16;10;-;5;0.02886568116982861
127;24.08.2018;18;29;14;8;17;9;-;5;0.028905700211118903
128;02.08.2018;18;29;15;7;17;9;-;5;0.0290077569489334
129;27.07.2018;18;30;15;8;16;8;-;5;0.0376555216681267
130;05.07.2018;18;30;14;8;16;9;-;5;0.037539986063734446
131;28.06.2018;19;32;13;8;14;9;-;5;0.029104668578352776
132;14.06.2018;18;31;13;8;15;10;-;5;0.029164868907393785
133;18.05.2018;17;33;13;8;14;10;-;5;0.03626593100277309
134;09.05.2018;18;32;13;8;15;9;-;5;0.04832121535031826
135;20.04.2018;17;32;12;10;15;10;-;4;0.1415980697536278
136;05.04.2018;18;33;12;9;14;10;-;4;0.05530690537084396
137;23.03.2018;19;33;12;9;13;10;-;4;0.06585941274035519
138;01.03.2018;18;34;11;9;15;9;-;4;0.07660001140186622
139;23.02.2018;17;34;12;9;14;10;-;4;0.07857128797743411
140;15.02.2018;16;33;13;9;15;11;-;3;0.07120042391819391
141;01.02.2018;18;33;11;10;14;11;-;3;0.054267732328307124
142;26.01.2018;19;33;11;10;12;10;-;5;0.04873550538575167
143;04.01.2018;21;33;11;9;13;9;-;4;0.08267593269191732
144;15.12.2017;20;32;12;9;13;9;-;5;0.07801009924841429
145;07.12.2017;21;32;11;9;13;10;-;4;0.07369585792849831
146;20.11.2017;22;32;11;10;11;10;-;4;0.0359709086886787
147;17.11.2017;21;31;11;11;12;10;-;4;0.051954739027909744
148;09.11.2017;21;30;11;12;13;9;-;4;0.0605014425917787
149;20.10.2017;21;31;11;12;12;9;-;4;0.03818685541374616
150;12.10.2017;20;32;10;11;11;10;-;6;0.06403414796271935
151;14.09.2017;20;37;7,5;9,5;12;9;-;5;0.06305390555390554
152;07.09.2017;21;37;8;9;11;10;-;4;0.0528264487613227
153;31.08.2017;23;37;8;8;11;9;-;4;0.048172678162173944
154;25.08.2017;22;38;8;9;10;9;-;4;0.07815365276545398
155;09.08.2017;24;39;8;8;8;9;-;4;0.04422647553904503
156;28.07.2017;23;40;8;8;9;8;-;4;0.062092055212889734
157;06.07.2017;23;39;8;9;9;9;-;3;0.01198829323829323
158;16.06.2017;24;39;7;9;8;8;-;5;0.02784414724281483
159;08.06.2017;24;38;7;10;9;8;-;4;0.0287681930038171
160;19.05.2017;26;38;8;9;9;6;-;4;0.021748671748671712
161;11.05.2017;27;37;8;8;10;7;-;3;0.045685642678123854
162;21.04.2017;30;35;7;6;10;8;-;4;0.0676019518531039
163;13.04.2017;31;34;8;6;11;7;-;3;0.13994784424079837
164;24.03.2017;32;32;8;6;11;7;-;4;0.044473904533852526
165;09.03.2017;31;32;8;6;11;8;-;4;0.03408172287482631
166;24.02.2017;32;31;8;6;11;7;-;5;0.0268057644003817
167;02.02.2017;28;34;8;6;12;8;-;4;0.01939388367959794
168;27.01.2017;23;35;9;6;14;8;-;5;0.0292175981116073
169;05.01.2017;20;37;9;5;15;9;-;5;0.11577116552486007
170;16.12.2016;21;36;10;6;13;9;-;5;0.0939931606162914
171;08.12.2016;22;35;11;5;13;9;-;5;0.038280073430761584
172;18.11.2016;23;32;13;6;12;9;-;5;0.04225573480892627
173;03.11.2016;22;33;12;6;13;9;-;5;0.04799333274563687
174;21.10.2016;22;33;12;5;14;9;-;5;0.08222717842778628
175;06.10.2016;22;33;11;6;14;9;-;5;0.08468727087462814
176;23.09.2016;22;32;12;6;16;8;-;4;0.06709441896374743
177;01.09.2016;23;33;11;5;14;9;-;5;0.07672473029615885
178;26.08.2016;22;33;12;5;13;9;-;6;0.0616659415051668
179;04.08.2016;22;34;13;5;12;9;-;5;0.039797913300217425
180;15.07.2016;22;33;14;6;12;8;-;5;0.04901250822909805
181;07.07.2016;22;34;13;6;12;9;-;4;0.04912276738652449
182;17.06.2016;21;31;14;7;14;9;-;4;0.05404945762088616
183;02.06.2016;21;32;13;6;15;9;-;4;0.02345604908630116
184;20.05.2016;21;32;12;7;15;9;-;4;0.04952985467691349
185;04.05.2016;20;33;13;6;15;8;-;5;0.08345785767562987
186;22.04.2016;21;33;12;7;14;8;-;5;0.030798671669925812
187;07.04.2016;21;34;13;7;14;7;-;4;0.05668380715238929
188;24.03.2016;22;34;12;7;13;8;-;4;0.04767943405829136
189;29.02.2016;23;36;10;6;11;9;-;5;0.024824527201374468
190;26.02.2016;23;37;11;6;10;8;-;5;0.028068473410088304
191;03.02.2016;24;35;10;5;12;9;-;5;0.028478687942150725
192;15.01.2016;25;37;10;4;10;8;-;6;0.057705658606018735
193;07.01.2016;24;39;11;4;9;8;-;5;0.08743575631621169
194;18.12.2015;24;38;10;4;10;8;-;6;0.0349287455198785
195;03.12.2015;25;37;11;4;10;8;-;5;0.05962217564707494
196;20.11.2015;25;37;10;5;9;8;-;6;0.0672835205934785
197;05.11.2015;24;37;11;5;8;9;-;6;0.041806739005014845
198;23.10.2015;24;38;11;5;8;9;-;5;0.07302734621700137
199;01.10.2015;24;40;10;5;6;9;-;6;0.09525525521213266
200;11.09.2015;25;42;11;4;4;9;-;5;0.05812512478252186
201;03.09.2015;24;42;12;4;4;8;-;6;0.04450010773540184
202;14.08.2015;24;42;11;4;4;9;-;6;0.040791678990436724
203;30.07.2015;24;42;11;5;4;9;-;5;0.09026290179465893
204;17.07.2015;24;41;11;6;4;9;-;5;0.04201823021698796
205;02.07.2015;25;40;11;5;5;10;-;4;0.04982557979755901
206;19.06.2015;25;40;10;5;5;10;-;5;0.08678488713097617
207;03.06.2015;25;40;10;6;5;9;-;5;0.056553631553631516
208;22.05.2015;26;41;9;5;5;9;-;5;0.03659649075965306
209;07.05.2015;25;40;10;4;6;9;-;6;0.07665629400627269
210;24.04.2015;24;41;11;4;6;8;-;6;0.07638078396699086
211;02.04.2015;25;41;10;4;6;9;-;5;0.06203295296613268
212;13.03.2015;24;41;11;4;6;9;-;5;0.06738548807514323
213;05.03.2015;25;41;10;4;6;9;-;5;0.06411904684526333
214;13.02.2015;24;42;10;3;7;8;-;6;0.12917452477724123
215;05.02.2015;25;41;10;3;6;9;-;6;0.10488757542328968
216;16.01.2015;25;41;10;4;6;8;-;6;0.046035981650086995
217;08.01.2015;26;41;10;3;6;8;-;6;0.07038239538239535
218;19.12.2014;25;42;10;-;6;8;-;9;0.057791570573525394
219;04.12.2014;26;40;11;2;7;9;-;5;0.06545122245275971
220;21.11.2014;26;41;11;3;6;8;-;5;0.053894269775417274
221;06.11.2014;25;41;10;3;7;9;-;5;0.06167648165066188
222;24.10.2014;26;40;10;2;7;9;-;6;0.08395536874799545
223;02.10.2014;24;41;9;2;9;10;-;5;0.06888032191796163
224;26.09.2014;25;39;10;3;8;10;-;5;0.07196239052315279
225;04.09.2014;24;40;10;3;7;10;-;6;0.12062110839067251
226;29.08.2014;25;42;9;3;5;9;-;7;0.13948623265393448
227;07.08.2014;26;41;10;3;5;9;-;6;0.1741666666666666
228;18.07.2014;26;40;10;4;4;10;-;6;0.18806097828654214
229;03.07.2014;26;39;11;4;5;9;-;6;0.09067808941758518
230;20.06.2014;25;39;12;4;6;8;-;6;0.0952432023860595
231;05.06.2014;26;38;11;4;7;9;-;5;0.05628665259207129
232;15.05.2014;26;39;11;4;6;9;-;5;0.05201392905340272
233;30.04.2014;26;40;10;4;5;9;-;6;0.1261929014029854
234;25.04.2014;25;41;10;4;5;10;-;5;0.15341608504873808
235;03.04.2014;26;41;10;4;5;9;-;5;0.046232205824735514
236;28.03.2014;25;41;10;4;5;8;-;7;0.0741351885769596
237;06.03.2014;24;42;11;4;4;9;-;6;0.1376216969457145
238;28.02.2014;26;40;10;4;5;9;-;6;0.06704213712823945
239;06.02.2014;27;41;9;4;5;9;-;5;0.0552337063857801
240;31.01.2014;27;42;9;4;4;8;-;6;0.04896768409789518
241;09.01.2014;27;41;9;4;4;8;-;7;0.0484361994039413
242;20.12.2013;27;42;9;4;4;8;-;6;0.05052383990657088
243;05.12.2013;25;43;10;3;4;9;-;6;0.039592118451565426
244;22.11.2013;25;42;10;3;4;9;-;7;0.01862047500992733
245;07.11.2013;26;42;10;3;4;9;-;6;0.04277996913050931
246;25.10.2013;27;40;9;4;5;9;-;6;0.057225314368171486
247;10.10.2013;26;42;8;3;4,5;9;-;7,5;0.06645429496662546
248;22.09.2013;25,7;41,5;8,4;4,8;4,7;8,6;-;4;0.07081134340528662
249;12.09.2013;28;40;10;5;2,5;8;-;4;0.06517974032299516
250;05.09.2013;27;41;10;5;3;8;-;6;0.12699427392600762
251;29.08.2013;26;41;11;5;3;8;-;6;0.13718333211420763
252;23.08.2013;24;42;12;5;3;9;-;3;0.05627103602473058
253;15.08.2013;25;42;12;5;-;8;-;5;0.0550289163284361
254;09.08.2013;25;42;13;5;-;7;-;5;0.07893404488232071
255;01.08.2013;26;42;13;5;-;7;-;7;0.04827700237182992
256;25.07.2013;25;42;14;4;2;7;-;6;0.017267837367505128
257;19.07.2013;26;41;13;4;3;7;-;6;0.022959943282523914
258;12.07.2013;26;41;14;4;3;6;-;6;0.0693857011403595
259;04.07.2013;25;42;14;4;-;7;-;5;0.029637592137592116
260;28.06.2013;26;41;13;4;-;7;-;6;0.04428418803418801
261;21.06.2013;25;41;14;5;-;7;-;8;0.04861277399590263
262;14.06.2013;26;41;15;4;2;7;-;5;0.04401440973032994
263;06.06.2013;27;41;14;4;3;6;-;5;0.07288531499657859
264;31.05.2013;26;42;14;4;3;6;-;5;0.13903318903318904
265;24.05.2013;27;41;14;4;2;6;-;4;0.05331839680966888
266;17.05.2013;26;41;14;4;3;6;-;3;0.05699106540943273
267;10.05.2013;27;40;14;5;3;6;-;5;0.10542582417582415
268;02.05.2013;26;40;15;4;3;7;-;5;0.0264136324504988
269;26.04.2013;27;40;14;4;3;7;-;5;0.04005991227904463
270;21.04.2013;27;41;14;4;3;7;-;4;0.029994789693065533
271;12.04.2013;27;42;15;4;-;7;-;3;0.0744799636511839
272;04.04.2013;27;41;14;4;-;8;-;3;0.11355842225407442
273;28.03.2013;28;39;15;4;-;8;-;3;0.07883791159484385
274;22.03.2013;27;38;16;5;-;8;-;4;0.15764504475933003
275;14.03.2013;25;40;17;5;-;7;-;3;0.080121436964174
276;07.03.2013;26;40;17;4;-;7;-;4;0.04383624181379867
277;28.02.2013;27;41;15;4;-;6;-;4;0.03558696205755028
278;21.02.2013;28;40;15;5;-;6;-;3;0.05550745615612372
279;15.02.2013;27;40;16;4;-;7;-;3;0.057185447278326515
280;07.02.2013;29;39;15;4;-;6;-;4;0.08458959586779133
281;31.01.2013;27;40;15;4;-;6;-;4;0.05777385695893417
282;24.01.2013;27;42;14;4;-;6;-;4;0.055653224520126096
283;18.01.2013;26;42;13;4;-;7;-;4;0.0826248928341208
284;10.01.2013;28;41;14;4;-;6;-;4;0.06956489551317134
285;04.01.2013;29;41;12;4;-;6;-;4;0.06735997080824664
286;21.12.2012;30;40;13;4;-;7;-;3;0.05457365098669444
287;06.12.2012;30;39;14;4;-;7;-;3;0.05048696854188075
288;23.11.2012;29;39;15;4;-;6;-;3;0.13251491291418693
289;08.11.2012;30;40;14;4;-;6;-;2;0.05027823902187227
290;26.10.2012;30;38;13;4;-;7;-;3;0.062477399292815074
291;04.10.2012;31;39;11;4;-;7;-;4;0.06875032522767402
292;28.09.2012;30;37;12;4;-;7;-;4;0.06990534798991814
293;06.09.2012;30;37;13;4;-;6;-;4;0.05083309869895233
294;17.08.2012;29;36;13;5;-;6;-;4;0.10968514671839476
295;01.08.2012;28;36;13;5;-;6;-;4;0.10884439634439629
296;20.07.2012;30;35;14;4;-;6;-;3;0.10745491569945638
297;05.07.2012;30;35;14;4;-;7;-;3;0.06298108573454195
298;22.06.2012;31;34;14;4;-;6;-;3;0.03970962204044909
299;06.06.2012;30;34;13;5;-;5;-;4;0.10545568561872906
300;25.05.2012;29;33;13;5;-;6;-;3;0.019917582417582413
301;18.05.2012;30;33;13;5;-;5;-;3;0.027771228303045643
302;03.05.2012;28;34;14;4;-;6;-;3;0.04069157187443974
303;12.04.2012;27;35;14;3;-;6;-;4;0.03789068074782359
304;04.04.2012;27;35;14;3;-;7;-;4;0.06345896212891286
305;16.03.2012;30;37;13;3;-;7;-;4;0.028543235476008573
306;01.03.2012;28;37;14;3;-;7;-;4;0.03504787961696304
307;17.02.2012;29;36;16;3;-;7;-;3;0.06008696857350749
308;02.02.2012;29;36;15;3;-;7;-;4;0.04777940953056157
309;19.01.2012;29;36;15;3;-;7;-;4;0.04511766832738697
310;05.01.2012;30;35;16;2;-;6;-;5;0.03202473438605371
311;23.12.2011;30;36;16;3;-;6;-;3;0.026966927121725857
312;01.12.2011;30;35;16;3;-;7;-;3;0.05518362455408455
313;25.11.2011;30;35;14;3;-;7;-;4;0.020300785376968188
314;03.11.2011;31;34;15;4;-;6;-;3;0.008963044677330386
315;28.10.2011;32;33;14;3;-;7;-;4;0.031200941915227588
316;06.10.2011;30;32;17;3;-;6;-;4;0.056554929664173345
317;26.09.2011;30;34;18;4;-;6;-;4;0.02338218645779148
318;16.09.2011;30;33;19;5;-;7;-;6;0.06900796115796906
319;09.09.2011;30;35;18;3;-;7;-;7;0.04398662561927865
320;01.09.2011;28;35;20;4;-;7;-;6;0.03665341361769931
321;19.08.2011;27;34;21;5;-;7;-;6;0.042388836139607804
322;04.08.2011;28;32;23;4;-;8;-;5;0.04301431523335517
323;22.07.2011;27;33;23;4;-;8;-;5;0.04976112123170943
324;07.07.2011;26;32;23;5;-;8;-;6;0.04219556987414129
325;24.06.2011;26;34;23;4;-;7;-;6;0.06859754002611143
326;10.06.2011;25;33;24;5;-;8;-;5;0.09319750320690166
327;22.05.2011;26;33;23;4;-;8;-;6;0.034768272914824615
328;13.05.2011;26;33;22;5;-;8;-;6;0.06040816326530607
329;05.05.2011;26;35;23;4;-;7;-;5;0.035867582686310163
330;15.04.2011;26;33;24;4;-;8;-;5;0.07316660351143105
331;07.04.2011;27;33;23;5;-;7;-;5;0.0902645152913681
332;24.03.2011;27;35;21;5;-;7;-;5;0.1312097829914979
333;18.03.2011;28;35;20;5;-;7;-;5;0.04477120102120101
334;10.03.2011;28;35;15;6;-;9;-;7;0.05580236375941087
335;24.02.2011;27;35;17;6;-;8;-;7;0.037398697670701184
336;18.02.2011;25;37;18;5;-;8;-;7;0.024349667271627327
337;13.02.2011;26;35;19;5;-;9;-;6;0.011983082706766913
338;03.02.2011;25;36;19;5;-;8;-;7;0.008963585434173657
339;21.01.2011;28;34;19;4;-;8;-;7;0.021778083028083015
340;06.01.2011;26;36;19;4;-;9;-;6;0.0
341;10.12.2010;27;33;20;5;-;10;-;5;0.012163561076604544
342;02.12.2010;27;32;21;5;-;10;-;5;0.046027385313099585
343;12.11.2010;26;31;23;5;-;10;-;5;0.03448929358372081
344;04.11.2010;27;32;22;5;-;9;-;5;0.028403361344537803
345;15.10.2010;28;31;21;5;-;10;-;5;0.032676532601344614
346;07.10.2010;27;32;20;5;-;11;-;5;0.0552721088435374
347;30.09.2010;29;33;18;5;-;10;-;5;0.05217403928292534
348;17.09.2010;29;32;18;5;-;10;-;6;0.03065003779289491
349;02.09.2010;30;32;17;5;-;10;-;6;0.052688473288451894
350;20.08.2010;31;31;16;5;-;10;-;7;0.05846560846560845
351;05.08.2010;31;31;17;5;-;10;-;6;0.07981447124304265
352;23.07.2010;30;33;17;5;-;10;-;5;0.030129870129870118
353;01.07.2010;30;33;17;5;-;10;-;5;0.025100949470697353
354;15.06.2010;29;32;17;5;-;11;-;6;0.032918914692313686
355;11.06.2010;29;31;16;6;-;12;-;6;0.04085446573131298
356;02.06.2010;29;32;16;8;-;10;-;5;0.09054982933292852
357;27.05.2010;27;33;16;7;-;11;-;6;0.08138879165763135
358;14.05.2010;28;32;17;7;-;11;-;5;0.03248281158382497
359;29.04.2010;26;35;16;8;-;10;-;5;0.06796328629628566
360;16.04.2010;26;36;14;9;-;10;-;5;0.05242433205166121
361;31.03.2010;28;35;14;8;-;10;-;5;0.037916494533035874
362;19.03.2010;27;35;14;9;-;10;-;5;0.08618497904212186
363;04.03.2010;25;36;14;10;-;11;-;4;0.021584467120181385
364;19.02.2010;27;34;15;10;-;10;-;4;0.03186419315451571
365;04.02.2010;26;36;15;8;-;11;-;4;0.03760061884285484
366;22.01.2010;25;36;13;10;-;11;-;5;0.04378525072844709
367;07.01.2010;25;36;12;11;-;10;-;6;0.058984435770150036
368;11.12.2009;24;35;14;12;-;11;-;4;0.06055767918452646
369;03.12.2009;24;35;13;12;-;11;-;5;0.07937699022091035
370;19.11.2009;22;35;12;13;-;12;-;6;0.05518343407744327
371;13.11.2009;21;35;13;13;-;12;-;6;0.06320159248107036
372;05.11.2009;22;35;12;14;-;12;-;5;0.04293544397231031
373;16.10.2009;22;34;12;14;-;13;-;5;0.03633866133866133
374;08.10.2009;23;34;11;14;-;13;-;5;0.017806727434056615
375;17.09.2009;26;35;10;14;-;11;-;4;0.06218432987229979
376;10.09.2009;23;35;12;14;-;12;-;4;0.08741143648977746
377;03.09.2009;23;35;13;14;-;11;-;4;0.06630237907519985
378;27.08.2009;23;35;13;15;-;10;-;4;0.017223334957325087
379;20.08.2009;23;36;13;15;-;9;-;4;0.019387755102040816
380;13.08.2009;22;37;12;15;-;9;-;5;0.02399491498490384
381;06.08.2009;23;35;13;16;-;10;-;3;0.027612433862433842
382;30.07.2009;24;36;13;14;-;10;-;3;0.0117288294628196
383;17.07.2009;23;36;13;14;-;10;-;4;0.05692516873658111
384;02.07.2009;23;35;13;15;-;10;-;4;0.011428571428571429
385;26.06.2009;24;35;13;15;-;9;-;4;0.030449735449735425
386;11.06.2009;25;36;13;14;-;9;-;3;0.03353828710971564
387;15.05.2009;28;35;12;13;-;9;-;3;0.03782265353693922
388;07.05.2009;27;34;11;14;-;10;-;4;0.0522475369458128
389;16.04.2009;26;35;11;14;-;10;-;4;0.01893939393939393
390;08.04.2009;27;34;11;14;-;10;-;4;0.03327003548916784
391;02.04.2009;26;34;11;15;-;11;-;3;0.07624832064487234
392;20.03.2009;27;33;10;16;-;10;-;4;0.03287545787545784
393;05.03.2009;27;32;11;17;-;10;-;3;0.08343763134544434
394;20.02.2009;26;33;11;16;-;11;-;3;0.04496392496392496
395;05.02.2009;25;34;11;16;-;11;-;3;0.055202314844066236
396;22.01.2009;25;35;11;14;-;11;-;4;0.12454362471047672
397;08.01.2009;26;37;10;13;-;10;-;4;0.18778572163546697
398;18.12.2008;24;37;11;12;-;11;-;5;0.07233653869598565
399;12.12.2008;23;36;12;13;-;12;-;4;0.046468587434973965
400;05.12.2008;23;37;12;12;-;12;-;4;0.039278701662993375
401;06.11.2008;25;37;11;11;-;12;-;4;0.0271819578271191
402;16.10.2008;25;35;10;12;-;13;-;5;0.0124223602484472
403;02.10.2008;25;35;11;13;-;11;-;5;0.026437847866419287
404;18.09.2008;26;37;10;12;-;12;-;3;0.062737579880437
405;10.09.2008;26;36;10;12;-;12;-;4;0.0759562935146099
406;04.09.2008;26;36;10;11;-;13;-;4;0.0650184790578879
407;21.08.2008;25;37;10;12;-;13;-;3;0.1904700225882492
408;08.08.2008;24;36;11;12;-;14;-;3;0.059854291366896385
409;10.07.2008;24;37;12;11;-;12;-;4;0.028808937368050656
410;03.07.2008;25;36;11;12;-;13;-;3;0.07009894867037723
411;12.06.2008;24;36;11;12;-;13;-;4;0.0502078726227333
412;05.06.2008;24;34;12;13;-;14;-;3;0.0229144768275203
413;15.05.2008;25;36;12;11;-;12;-;4;0.054269498497073236
414;01.05.2008;27;37;10;10;-;12;-;4;0.048488713667285084
415;24.04.2008;27;36;11;10;-;12;-;4;0.0628429593252909
416;03.04.2008;26;37;11;10;-;12;-;4;0.02403361344537814
417;20.03.2008;27;38;11;9;-;12;-;3;0.05869806116426502
418;06.03.2008;28;39;10;8;-;12;-;3;0.031610953770841554
419;21.02.2008;29;37;9;10;-;12;-;3;0.020879547471162368
420;07.02.2008;30;38;9;9;-;11;-;3;0.051823612468773726
421;24.01.2008;30;39;9;9;-;10;-;3;0.009259259259259243
422;11.01.2008;30;39;9;9;-;9;-;4;0.023825876504447917
423;14.12.2007;28;39;9;10;-;10;-;4;0.02494588744588743
424;06.12.2007;28;40;9;9;-;11;-;3;0.026719576719576716
425;15.11.2007;30;41;9;8;-;9;-;3;0.03866762866762866
426;01.11.2007;30;40;8;8;-;10;-;4;0.08765920354155644
427;18.10.2007;28;41;10;7;-;10;-;4;0.041549409237379153
428;05.10.2007;27;40;10;8;-;11;-;4;0.022499797881801255
429;20.09.2007;27;39;11;10;-;10;-;3;0.05161036149435955
430;06.09.2007;27;39;11;9;-;10;-;4;0.03325944170771756
431;10.08.2007;28;38;10;10;-;10;-;4;0.06074102368220014
432;02.08.2007;28;38;11;9;-;11;-;3;0.03555537394210161
433;12.07.2007;28;38;11;9;-;11;-;3;0.0747237209059869
434;05.07.2007;28;38;10;10;-;11;-;3;0.03330624754187165
435;24.06.2007;29;38;10;9;-;10;-;4;0.05466771870712756
436;14.06.2007;29;38;11;9;-;9;-;4;0.04587732528908995
437;07.06.2007;31;37;11;9;-;9;-;3;0.037223271481142524
438;18.05.2007;30;37;11;9;-;9;-;4;0.023213083213083203
439;11.05.2007;31;36;11;10;-;8;-;4;0.016354679802955657
440;03.05.2007;31;37;11;10;-;8;-;3;0.05045628686933031
441;19.04.2007;31;36;11;10;-;8;-;4;0.03396431036182587
442;05.04.2007;31;36;11;11;-;8;-;3;0.023772523772523757
443;09.03.2007;30;37;11;10;-;8;-;4;0.022408625856901683
444;01.03.2007;31;36;11;10;-;8;-;4;0.0649008558491317
445;08.02.2007;32;33;11;12;-;8;-;4;0.06081324690347244
446;01.02.2007;31;35;11;11;-;8;-;4;0.0737921470064327
447;11.01.2007;31;35;10;11;-;8;-;5;0.03149482096850517
448;04.01.2007;30;36;11;11;-;8;-;4;0.051437282229965166
449;14.12.2006;31;34;12;11;-;8;-;4;0.048916103524398416
450;07.12.2006;31;35;11;10;-;8;-;5;0.03261841606669192
451;16.11.2006;32;34;10;11;-;8;-;5;0.049406748238783826
452;02.11.2006;31;31;12;13;-;9;-;4;0.041252692723280936
453;19.10.2006;32;32;11;12;-;9;-;4;0.056012446335026944
454;05.10.2006;33;30;10;13;-;9;-;5;0.025666463166463146
455;21.09.2006;31;32;10;13;-;9;-;5;0.03063186813186813
456;07.09.2006;28;34;10;14;-;9;-;5;0.05308785426260036
457;24.08.2006;29;35;9;13;-;10;-;4;0.062354333037562826
458;03.08.2006;29;35;10;12;-;9;-;5;0.19818594104308387
459;21.07.2006;29;35;10;13;-;9;-;4;0.13495457744226216
460;13.07.2006;28;35;11;12;-;9;-;5;0.06346905912123299
461;06.07.2006;29;35;10;12;-;10;-;4;0.06635438486747791
462;15.06.2006;30;37;9;10;-;10;-;4;0.0675735629151778
463;09.06.2006;30;37;10;10;-;9;-;4;0.0316892091736812
464;01.06.2006;30;37;10;10;-;9;-;4;0.05596880131362888
465;18.05.2006;30;37;10;10;-;9;-;4;0.04756564833291173
466;11.05.2006;31;38;9;9;-;9;-;4;0.07625697714983426
467;04.05.2006;31;39;10;9;-;8;-;3;0.08322391893820465
468;27.04.2006;32;37;10;9;-;8;-;4;0.031110720150128984
469;20.04.2006;32;38;10;9;-;8;-;3;0.08735827664399091
470;12.04.2006;31;40;9;9;-;8;-;3;0.05612763793541823
471;06.04.2006;30;40;9;10;-;8;-;3;0.05485263670685664
472;30.03.2006;31;41;8;9;-;8;-;3;0.04096746429652554
473;23.03.2006;31;41;9;8;-;8;-;3;0.04967486721658022
474;16.03.2006;30;40;9;9;-;8;-;4;0.05593699362439989
475;09.03.2006;29;41;9;9;-;8;-;4;0.05350144125791684
476;02.03.2006;30;41;10;9;-;7;-;3;0.0351203514482556
477;23.02.2006;31;42;9;8;-;7;-;3;0.04862201290772716
478;16.02.2006;30;42;8;9;-;8;-;3;0.054991840045067415
479;09.02.2006;31;41;8;8;-;8;-;4;0.028218742454366542
480;02.02.2006;32;40;7;8;-;9;-;4;0.0062111801242236
481;26.01.2006;33;40;8;7;-;9;-;3;0.03588876036244456
482;19.01.2006;32;39;9;8;-;9;-;3;0.07756377747888783
483;12.01.2006;32;39;9;8;-;9;-;3;0.029491005888521403
484;05.01.2006;31;39;9;9;-;9;-;3;0.06719178899630024
485;21.12.2005;32;36;9;9;-;10;-;4;0.0269230769230769
486;15.12.2005;33;35;9;10;-;9;-;4;0.060407708233795154
487;08.12.2005;34;36;9;10;-;8;-;3;0.0362012987012987
488;01.12.2005;34;36;9;10;-;8;-;3;0.021447467876039288
489;24.11.2005;34;35;9;10;-;9;-;3;0.020717377860235
490;17.11.2005;34;34;9;11;-;9;-;3;0.06749219581731893
491;10.11.2005;33;36;8;10;-;10;-;3;0.024812338728594858
492;03.11.2005;32;37;9;10;-;9;-;3;0.024568965517241356
493;27.10.2005;34;36;9;9;-;9;-;3;0.01017857142857143
494;20.10.2005;34;37;8;9;-;9;-;3;0.010204081632653057
495;13.10.2005;34;37;8;9;-;8;-;4;0.0307307439104674
496;06.10.2005;34;36;8;10;-;8;-;4;0.014117647058823528
497;29.09.2005;34;36;8;9;-;9;-;4;0.041428770504857444
498;22.09.2005;34;35;8;10;-;9;-;4;0.024760272659432297
499;08.09.2005;34;41;7;6,5;-;8,5;-;3;0.014668367346938771
500;01.09.2005;32;43;7;6;-;9;-;3;0.020691609977324246
501;25.08.2005;31;42;8;7;-;9;-;3;0.05759098044812328
502;17.08.2005;30;42;8;7;-;9;-;4;0.06727299615498371
503;11.08.2005;29;42;9;6;-;10;-;4;0.018633540372670798
504;04.08.2005;29;42;8;6;-;11;-;4;0.02662337662337661
505;28.07.2005;28;42;8;7;-;12;-;3;0.006802721088435372
506;21.07.2005;27;42;9;7;-;12;-;3;0.03965578972060692
507;15.07.2005;27;42;9;8;-;11;-;3;0.006493506493506486
508;08.07.2005;27;43;8;7;-;11;-;4;0.019287348806799602
509;01.07.2005;27;44;8;7;-;10;-;4;0.016969696969696958
510;24.06.2005;27;45;9;7;-;9;-;3;0.021768707482993182
511;17.06.2005;28;46;8;7;-;8;-;3;0.013978494623655899
512;10.06.2005;29;47;9;7;-;5;-;3;0.020069330414157985
513;03.06.2005;28;48;9;7;-;4;-;4;0.003968253968253957
514;27.05.2005;29;47;8;6;-;5;-;5;0.010204081632653057
515;23.05.2005;30;46;7;7;-;5;-;5;0.024149659863945572
516;22.05.2005;29;46;8;8;-;4;-;5;0.037136672850958556
517;20.05.2005;29;45;10;7;-;4;-;5;0.03203463203463203
518;13.05.2005;29;44;10;8;-;4;-;5;0.08036202986941901
519;04.05.2005;29;45;10;7;-;4;-;5;0.04156462585034013
520;29.04.2005;29;45;10;6;-;5;-;5;0.023333333333333327
521;22.04.2005;30;44;10;6;-;5;-;5;0.025438928887204726
522;15.04.2005;29;44;9;7;-;5;-;6;0.021088435374149655
523;08.04.2005;29;45;9;7;-;5;-;5;0.04802702927089978
524;01.04.2005;29;45;9;7;-;5;-;5;0.024112554112554103
525;24.03.2005;30;44;9;7;-;5;-;5;0.026743878329363775
526;18.03.2005;30;43;9;7;-;5;-;6;0.014677871148459374
527;11.03.2005;30;44;10;6;-;5;-;5;0.04602464368453309
528;04.03.2005;31;43;10;6;-;5;-;5;0.060607103840186534
529;25.02.2005;31;42;11;6;-;5;-;5;0.021957671957671943
530;18.02.2005;32;40;11;7;-;5;-;5;0.06088333201550784
531;11.02.2005;31;40;11;7;-;5;-;6;0.021825396825396814
532;04.02.2005;32;39;11;7;-;5;-;6;0.04915252012026204
533;28.01.2005;33;38;12;7;-;5;-;5;0.04239926739926737
534;21.01.2005;33;38;12;8;-;4;-;5;0.07195767195767193
535;14.01.2005;33;37;12;8;-;5;-;5;0.04060475864987141
536;07.01.2005;33;38;12;8;-;5;-;4;0.0365079365079365
537;22.12.2004;34;38;12;7;-;5;-;4;0.024216385118640743
538;17.12.2004;32;40;11;7;-;5;-;5;0.02465986394557823
539;10.12.2004;32;40;11;8;-;5;-;4;0.024472593635155186
540;03.12.2004;33;40;11;7;-;4;-;5;0.014285714285714287
541;26.11.2004;32;39;11;8;-;5;-;5;0.03807178043631243
542;19.11.2004;32;39;12;7;-;5;-;5;0.009852216748768471
543;12.11.2004;31;40;12;7;-;5;-;5;0.03788359788359787
544;05.11.2004;30;40;13;8;-;5;-;4;0.012259646405987857
545;29.10.2004;31;38;12;8;-;6;-;5;0.02729961549837326
546;22.10.2004;31;38;12;8;-;5;-;6;0.025714285714285714
547;15.10.2004;30;40;13;7;-;5;-;5;0.02958874458874457
548;08.10.2004;29;41;12;7;-;6;-;5;0.032045513857716985
549;01.10.2004;29;41;12;7;-;6;-;5;0.024128045867176286
550;24.09.2004;26;43;13;7;-;6;-;5;0.046232379188044195
551;17.09.2004;26;43;13;6;-;6;-;6;0.05927334570191711
552;10.09.2004;26;44;13;6;-;6;-;5;0.052135110552330485
553;03.09.2004;26;44;12;6;-;7;-;5;0.02359515484515483
554;27.08.2004;25;43;12;7;-;7;-;6;0.026785714285714284
555;20.08.2004;24;43;13;6;-;8;-;6;0.027612863327149025
556;13.08.2004;24;44;12;7;-;8;-;5;0.028767571101667198
557;06.08.2004;23;44;13;8;-;7;-;5;0.029441391941391927
558;30.07.2004;25;44;12;7;-;7;-;5;0.01733193277310924
559;23.07.2004;25;44;12;7;-;7;-;5;0.06505471753918958
560;16.07.2004;23;46;13;7;-;7;-;4;0.07419536984754374
561;12.07.2004;23;45;13;7;-;7;-;5;0.13423456339057357
562;02.07.2004;23;45;13;7;-;7;-;5;0.04547000618429187
563;25.06.2004;24;45;13;7;-;6;-;5;0.04635129272152864
564;18.06.2004;24;45;12;8;-;6;-;5;0.046547619047619046
565;11.06.2004;26;46;11;8;-;5;-;4;0.028157349896480315
566;04.06.2004;27;46;11;6;-;5;-;5;0.0052910052910052855
567;28.05.2004;27;46;11;7;-;5;-;4;0.06682330827067666
568;21.05.2004;26;47;11;6;-;5;-;5;0.0524812489098203
569;14.05.2004;26;47;12;7;-;4;-;4;0.018199192112235568
570;07.05.2004;27;46;12;7;-;4;-;4;0.008928571428571428
571;30.04.2004;26;47;11;6;-;5;-;5;0.09947030195477399
572;23.04.2004;27;46;11;6;-;5;-;5;0.06135893092414829
573;16.04.2004;27;46;11;7;-;5;-;4;0.06386927873059804
574;08.04.2004;27;46;11;7;-;5;-;4;0.06295609152752007
575;02.04.2004;27;47;11;7;-;5;-;3;0.06258725794329507
576;26.03.2004;26;48;11;6;-;5;-;4;0.08185824757253325
577;19.03.2004;26;48;12;6;-;4;-;4;0.04850131623530636
578;12.03.2004;25;49;11;6;-;5;-;4;0.03784383318544809
579;05.03.2004;24;50;11;6;-;5;-;4;0.09633301481127565
580;27.02.2004;25;47;11;9;-;5;-;3;0.03682342502218277
581;20.02.2004;25;47;11;9;-;5;-;3;0.04983732623484175
582;13.02.2004;24;48;11;8;-;5;-;4;0.08631797817595407
583;06.02.2004;24;49;11;8;-;5;-;3;0.032343846629560885
584;30.01.2004;25;48;11;8;-;5;-;3;0.036290322580645164
585;23.01.2004;25;47;12;8;-;5;-;3;0.03046953046953046
586;16.01.2004;26;48;11;7;-;5;-;3;0.0696396403228701
587;09.01.2004;26;48;10;7;-;5;-;4;0.033395176252319095
588;19.12.2003;26;49;11;6;-;4;-;4;0.027362005810281642
589;12.12.2003;25;50;10;7;-;4;-;4;0.0695176832261231
590;05.12.2003;26;51;10;6;-;3;-;4;0.02861856280973927
591;28.11.2003;27;49;11;7;-;3;-;3;0.041131815044858515
592;21.11.2003;27;49;11;7;-;3;-;3;0.053949673514890883
593;14.11.2003;25;50;11;6;-;4;-;4;0.03759646150950496
594;07.11.2003;24;51;10;7;-;4;-;4;0.029977324263038528
595;31.10.2003;24;51;11;6;-;4;-;4;0.043782533256217455
596;24.10.2003;25;50;12;6;-;3;-;4;0.08399098769942757
597;17.10.2003;26;50;11;5;-;3;-;5;0.03584415584415584
598;10.10.2003;26;50;11;5;-;3;-;5;0.09454796411318146
599;03.10.2003;27;50;11;5;-;3;-;4;0.050707354466752945
600;26.09.2003;28;48;11;6;-;4;-;3;0.04818422318422314
601;19.09.2003;29;46;10;7;-;4;-;4;0.04476101855134112
602;12.09.2003;30;46;9;6;-;4;-;5;0.1008998121126267
603;05.09.2003;29;46;10;6;-;4;-;5;0.04602660497397339
604;29.08.2003;30;46;10;6;-;4;-;4;0.04115976615976613
605;22.08.2003;30;46;10;7;-;4;-;3;0.024489795918367342
606;15.08.2003;30;45;10;8;-;3;-;4;0.05587175981912822
607;08.08.2003;30;46;10;7;-;4;-;3;0.04423102574363077
608;01.08.2003;31;46;9;6;-;4;-;4;0.05602385881888984
609;25.07.2003;31;45;10;7;-;4;-;3;0.07251082251082248
610;18.07.2003;31;46;10;6;-;4;-;3;0.05221088435374149
611;11.07.2003;32;46;9;6;-;4;-;3;0.05526641278520976
612;04.07.2003;30;47;10;7;-;4;-;2;0.018926925608953257
613;27.06.2003;30;47;10;6;-;4;-;3;0.10707981631894671
614;20.06.2003;30;48;9;6;-;4;-;3;0.15086991014100984
615;13.06.2003;29;47;10;7;-;4;-;3;0.15276469562183845
616;06.06.2003;29;47;10;7;-;4;-;3;0.09697186243145436
617;30.05.2003;30;46;11;7;-;4;-;2;0.03457613814756669
618;23.05.2003;28;47;10;8;-;4;-;3;0.0634841349127063
619;16.05.2003;27;48;10;8;-;4;-;3;0.03636495083863504
620;09.05.2003;29;47;11;7;-;4;-;2;0.06142547928262211
621;02.05.2003;28;48;10;7;-;4;-;3;0.07182700666473485
622;25.04.2003;30;46;12;6;-;3;-;3;0.0629251700680272
623;18.04.2003;30;47;11;5;-;4;-;3;0.13236984204543187
624;11.04.2003;31;46;10;6;-;3;-;4;0.23763141620284475
625;04.04.2003;31;45;11;6;-;3;-;4;0.29108256939139293
626;28.03.2003;31;46;11;5;-;3;-;4;0.2830359421015705
627;21.03.2003;30;47;10;5;-;4;-;4;0.28842508958183277
628;14.03.2003;28;49;11;6;-;3;-;3;0.10049847525216982
629;07.03.2003;27;49;12;6;-;3;-;3;0.18138392410001963
630;28.02.2003;28;49;11;6;-;4;-;2;0.15586917619585497
631;21.02.2003;28;49;11;6;-;3;-;3;0.2088401016972445
632;14.02.2003;27;49;12;6;-;3;-;3;0.2012112296569146
633;07.02.2003;28;49;11;6;-;3;-;3;0.14677666454717775
634;31.01.2003;30;47;10;7;-;3;-;3;0.1573191080145586
635;24.01.2003;30;47;10;7;-;3;-;3;0.2195633868047661
636;17.01.2003;30;47;11;6;-;3;-;3;0.1691474988164602
637;10.01.2003;29;48;12;5;-;3;-;3;0.21604278074866312
638;03.01.2003;31;47;10;5;-;4;-;3;0.2035698219908746
639;20.12.2002;30;47;11;5;-;4;-;3;0.09785086657920913
640;13.12.2002;29;47;11;6;-;4;-;3;0.09690439225543587
641;06.12.2002;28;48;12;5;-;4;-;3;0.03734102336586807
642;29.11.2002;30;48;11;5;-;4;-;2;0.05018570801179494
643;22.11.2002;30;48;11;4;-;4;-;3;0.07407571724341909
644;15.11.2002;32;46;10;5;-;4;-;3;0.08184676824755277
645;08.11.2002;34;44;10;5;-;4;-;3;0.06002249384602325
646;01.11.2002;35;43;9;6;-;4;-;3;0.0852114758947057
647;25.10.2002;36;41;10;6;-;4;-;3;0.08322502001712814
648;18.10.2002;37;40;10;6;-;4;-;3;0.06117015976351011
649;11.10.2002;38;39;9;7;-;4;-;3;0.05422892519666711
650;04.10.2002;38;39;9;7;-;4;-;3;0.04841027704595917
651;22.09.2002;38;38;9;7;-;4;-;3;0.07508201050765902
652;06.09.2002;38;40;8;8;-;4;-;2;0.07189727565667411
653;30.08.2002;39;41;7;7;-;4;-;2;0.0383832565284178
654;23.08.2002;36;41;7;8;-;4;-;4;0.06275428831819807
655;16.08.2002;34;40;7;10;-;5;-;4;0.051736484067311114
656;09.08.2002;34;41;7;9;-;5;-;4;0.10667189952904235
657;02.08.2002;35;40;7;9;-;5;-;4;0.0866362334407447
658;26.07.2002;35;41;7;9;-;5;-;3;0.04809751651856912
659;19.07.2002;35;40;6;9;-;6;-;4;0.0300751879699248
660;12.07.2002;35;40;6;9;-;6;-;4;0.04590964590964589
661;05.07.2002;36;40;6;9;-;6;-;3;0.029166003079046526
662;01.06.2002;34;39;8;10;-;6;-;3;0.06634843852888964
663;01.05.2002;32;41;7;11;-;5;-;4;0.05041328359300707
664;01.04.2002;34;39;7;9;-;7;-;4;0.07659172550476896
665;01.03.2002;36;40;6;9;-;6;-;3;0.07127114086741414
666;01.02.2002;36;41;6;8;-;7;-;2;0.044232804232804214
667;01.01.2002;38;39;5;8;-;7;-;3;0.13771301162605507
668;01.12.2001;40;36;6;9;-;7;-;2;0.05504477004477001
669;01.11.2001;41;35;6;9;-;6;-;3;0.16432143425932244
670;01.10.2001;40;36;6;9;-;5;-;4;0.040028846466816384
671;01.09.2001;38;36;7;10;-;5;-;4;0.015070643642072199
672;01.08.2001;38;36;7;10;-;6;-;3;0.01700680272108843
673;01.07.2001;39;34;7;10;-;7;-;3;0.025561829474872937
674;01.06.2001;39;37;7;9;-;5;-;3;0.04635837135837135
675;01.05.2001;41;35;7;8;-;5;-;4;0.0371744657458943
676;01.04.2001;39;36;7;8;-;5;-;5;0.03481670445956159
677;01.03.2001;40;35;8;8;-;5;-;4;0.03298338566195707
678;01.02.2001;38;35;8;9;-;5;-;5;0.0
679;01.01.2001;38;37;7;9;-;5;-;4;0.0
680;01.12.2000;38;37;8;7;-;5;-;5;0.019576719576719574
681;01.11.2000;39;37;6;7;-;6;-;5;0.0051020408163265285
682;01.10.2000;39;39;6;6;-;6;-;4;0.008403361344537815
683;01.09.2000;43;34;6;8;-;6;-;3;0.017927170868347327
684;01.08.2000;42;34;6;9;-;5;-;4;0.0
685;01.07.2000;39;38;6;8;-;5;-;4;0.0119047619047619
686;01.06.2000;38;39;7;9;-;5;-;2;0.015422077922077915
687;01.05.2000;41;36;6;7;-;5;-;5;0.03992936887673728
688;07.04.2000;39;34;8;7;-;7;-;5;0.021232735518449786
689;03.03.2000;42;31;7;9;-;7;-;4;0.0
