;date;SPD;Union;Grüne;FDP;AfD;Linke;FW;Andere;standardized_war_articles
0;22.12.2023;14;32;14;5;21;3;4;7;0.14973011358716448
1;07.12.2023;14;32;15;4;21;3;3;8;0.1697404597572286
2;10.11.2023;15;30;15;5;21;4;3;7;0.19350311922193258
3;02.11.2023;16;30;14;4;22;5;3;6;0.17906043218543216
4;13.10.2023;15;29;13;5;23;4;4;7;0.19523574914239872
5;28.09.2023;16;28;14;6;22;4;3;7;0.12629616851628236
6;15.09.2023;16;28;15;7;22;4;-;8;0.08780307981839092
7;31.08.2023;16;29;14;6;22;4;-;9;0.058248661970429085
8;18.08.2023;17;27;14;7;21;4;-;10;0.10069728520386412
9;04.08.2023;17;27;15;7;21;4;-;9;0.12220387852660723
10;21.07.2023;18;28;13;7;20;4;-;10;0.09785501324975006
11;06.07.2023;18;28;14;7;20;4;-;9;0.13390966428466428
12;23.06.2023;17;29;15;6;19;4;-;10;0.10864113910263377
13;01.06.2023;18;29;15;7;18;4;-;9;0.14629948019332223
14;12.05.2023;18;28;16;8;16;5;-;9;0.12677145611928214
15;04.05.2023;17;30;16;7;16;5;-;9;0.12900299700299694
16;14.04.2023;19;29;17;7;15;4;-;9;0.14507791500438555
17;06.04.2023;18;30;17;7;15;4;-;9;0.09164308784862618
18;17.03.2023;18;30;16;7;15;5;-;9;0.10004084338057
19;02.03.2023;18;31;17;6;14;5;-;9;0.18965720949995654
20;17.02.2023;19;29;17;6;15;5;-;9;0.09647475142124201
21;02.02.2023;20;27;18;7;15;4;-;9;0.13080713926972481
22;19.01.2023;19;29;19;6;14;4;-;9;0.11810984035970626
23;05.01.2023;18;29;19;6;15;5;-;8;0.14953517966224264
24;09.12.2022;18;29;18;6;15;5;-;9;0.12449004462616076
25;01.12.2022;18;30;18;5;15;5;-;9;0.13839804178635395
26;11.11.2022;18;28;19;7;14;4;-;10;0.08707729226984678
27;03.11.2022;19;28;19;6;14;5;-;9;0.12436796435272043
28;14.10.2022;19;26;20;6;15;5;-;9;0.13545191914372962
29;06.10.2022;17;28;19;7;15;5;-;9;0.08846063668817834
30;16.09.2022;17;28;21;7;14;5;-;8;0.12908449302514519
31;01.09.2022;17;27;22;8;13;5;-;8;0.13555613874088396
32;19.08.2022;18;28;23;7;12;4;-;8;0.15233435366176096
33;04.08.2022;17;28;23;7;13;4;-;8;0.1489584225325913
34;22.07.2022;19;27;22;7;12;4;-;9;0.11810653685653685
35;07.07.2022;19;27;23;8;11;4;-;8;0.1247703231439465
36;24.06.2022;20;26;23;8;12;4;-;7;0.10677951110028212
37;02.06.2022;21;27;21;8;11;4;-;8;0.14581038346428218
38;13.05.2022;22;26;20;8;11;4;-;9;0.20420693292403813
39;28.04.2022;24;26;18;9;11;3;-;9;0.2167355319525171
40;14.04.2022;24;26;18;8;11;4;-;9;0.23776622248315551
41;07.04.2022;24;25;19;9;11;4;-;8;0.2838470029071821
42;18.03.2022;25;26;17;9;11;4;-;8;0.3122212735381273
43;03.03.2022;25;26;16;9;11;5;-;8;0.2815752977483762
44;18.02.2022;24;26;15;9;12;5;-;9;0.0757654123296643
45;03.02.2022;22;27;16;10;12;5;-;8;0.10806695651233464
46;21.01.2022;25;24;16;10;12;5;-;8;0.07631528093572848
47;06.01.2022;26;23;16;11;11;5;-;8;0.04021907916644757
48;10.12.2021;26;23;16;12;11;5;-;7;0.05025090334400153
49;02.12.2021;25;23;17;12;11;5;-;7;0.0181584578934291
50;26.11.2021;25;21;17;13;11;5;-;8;0.013621322180644203
51;04.11.2021;27;21;16;13;10;5;-;8;0.04595397215300232
52;29.10.2021;26;22;16;13;10;4;-;9;0.05389686148054508
53;16.09.2021;26;22;15;11;11;6;3;6;0.01738095238095237
54;02.09.2021;25;20;16;13;12;6;-;8;0.03814118239767332
55;20.08.2021;21;23;17;13;11;7;-;8;0.02211469534050177
56;05.08.2021;18;27;19;12;10;6;-;8;0.052165115508569004
57;23.07.2021;16;29;19;12;10;6;-;8;0.03184183942661373
58;01.07.2021;15;28;20;11;11;7;-;8;0.0545312345312345
59;25.06.2021;15;28;21;11;12;6;3;4;0.02679765872990288
60;10.06.2021;14;28;20;12;12;7;-;7;0.012548913971622572
61;14.05.2021;15;24;25;12;11;7;-;6;0.06463485136946488
62;06.05.2021;14;23;26;11;12;6;3;5;0.0243253968253968
63;16.04.2021;15;28;21;11;11;7;-;7;0.05989861445743796
64;01.04.2021;16;27;22;9;11;7;-;8;0.020030022974101912
65;19.03.2021;17;29;20;9;11;7;-;7;0.03954065225888074
66;04.03.2021;16;33;20;7;11;7;-;6;0.04187590715498755
67;19.02.2021;16;33;20;8;11;6;-;6;0.02414698092578662
68;04.02.2021;15;34;21;8;10;6;-;6;0.005498533724340169
69;22.01.2021;15;34;21;7;10;6;-;7;0.01267452354408875
70;07.01.2021;14;35;21;7;10;7;-;6;0.031525092554504294
71;11.12.2020;16;36;20;6;9;7;-;6;0.015851449380861117
72;03.12.2020;15;36;21;6;10;7;-;5;0.03723150203154843
73;27.11.2020;15;35;21;7;11;7;-;4;0.04142507168822955
74;12.11.2020;15;36;20;6;10;7;-;6;0.03689422448540987
75;16.10.2020;15;35;20;6;11;7;-;6;0.04233513626895978
76;01.10.2020;15;35;21;6;10;8;-;5;0.06414982573070807
77;18.09.2020;16;36;20;5;10;8;-;5;0.02300573993276589
78;03.09.2020;17;36;19;6;10;7;-;5;0.03930260993286201
79;21.08.2020;16;37;17;6;10;8;-;6;0.032381373012951936
80;06.08.2020;15;38;18;6;11;7;-;5;0.06395205276141644
81;24.07.2020;14;37;20;5;11;7;-;6;0.03563214185195608
82;02.07.2020;16;37;20;5;10;7;-;5;0.03875429131840738
83;26.06.2020;16;37;20;5;10;7;-;5;0.03578682369004947
84;04.06.2020;15;38;19;6;9;8;-;5;0.02164239111500773
85;15.05.2020;15;38;18;6;10;7;-;6;0.036652189147813354
86;07.05.2020;16;39;18;5;9;8;-;5;0.035803361759980196
87;17.04.2020;17;38;19;5;9;7;-;5;0.02671739509200809
88;02.04.2020;16;34;22;5;10;7;-;6;0.02956872404134066
89;20.03.2020;14;30;23;7;10;9;-;7;0.027355665394458478
90;05.03.2020;16;27;23;6;12;9;-;7;0.03891906071926354
91;13.02.2020;16;26;22;7;14;9;-;6;0.02399712052653227
92;06.02.2020;14;27;22;8;14;9;-;6;0.02543151922689126
93;24.01.2020;14;26;24;8;14;8;-;6;0.0604718789281951
94;09.01.2020;13;27;23;9;14;8;-;6;0.13977215794957726
95;13.12.2019;14;27;21;8;15;8;-;7;0.05673760936524107
96;05.12.2019;13;25;23;9;15;8;-;7;0.04096301653248982
97;15.11.2019;15;25;22;7;14;9;-;8;0.03161523143828833
98;07.11.2019;14;26;22;8;14;9;-;7;0.03979764585696786
99;18.10.2019;14;28;22;7;14;8;-;7;0.045265021074343076
100;11.10.2019;13;28;24;7;14;8;-;6;0.02802892945520029
101;20.09.2019;14;27;23;8;14;8;-;6;0.08531519152344717
102;05.09.2019;14;27;23;7;15;7;-;7;0.01026988482028352
103;23.08.2019;14;26;25;7;14;7;-;7;0.0593958740084776
104;01.08.2019;12;26;26;8;14;7;-;7;0.07368234981392874
105;26.07.2019;13;26;26;9;12;8;-;6;0.052776214884209284
106;04.07.2019;13;25;26;8;13;8;-;7;0.060171596863733266
107;28.06.2019;13;26;25;9;12;7;-;8;0.05231531386305947
108;06.06.2019;12;25;26;8;13;7;-;9;0.04265237734285414
109;17.05.2019;17;29;18;8;13;8;-;7;0.07320261105443622
110;02.05.2019;18;28;20;8;12;9;-;5;0.052040481611095965
111;18.04.2019;16;29;21;8;13;8;-;5;0.0222222222222222
112;04.04.2019;17;29;20;9;12;8;-;5;0.02224952224952224
113;22.03.2019;18;29;19;9;12;8;-;5;0.03215599315685595
114;15.03.2019;17;29;19;8;13;9;-;5;0.0418017397119564
115;22.02.2019;18;30;18;8;12;8;-;6;0.02478340831282006
116;14.02.2019;17;29;19;9;13;8;-;5;0.015539498724853409
117;25.01.2019;15;28;20;9;15;8;-;5;0.00222222222222222
118;10.01.2019;15;29;20;9;14;9;-;4;0.05543522397162435
119;14.12.2018;15;31;20;8;13;8;-;5;0.0133175576217183
120;06.12.2018;14;30;20;8;14;8;-;6;0.07085886531091459
121;30.11.2018;14;28;21;9;15;8;-;5;0.062028085735402805
122;15.11.2018;14;26;23;8;14;9;-;6;0.05609832872853789
123;19.10.2018;14;25;19;11;16;9;-;6;0.01390849142491572
124;11.10.2018;15;26;17;10;16;10;-;6;0.03160652211785039
125;21.09.2018;17;28;15;9;18;10;-;3;0.028202005226969452
126;06.09.2018;18;29;14;8;16;10;-;5;0.02258692919983241
127;24.08.2018;18;29;14;8;17;9;-;5;0.026640396554189632
128;02.08.2018;18;29;15;7;17;9;-;5;0.02925813256695608
129;27.07.2018;18;30;15;8;16;8;-;5;0.029483865167688687
130;05.07.2018;18;30;14;8;16;9;-;5;0.03654114813935096
131;28.06.2018;19;32;13;8;14;9;-;5;0.031041831304989182
132;14.06.2018;18;31;13;8;15;10;-;5;0.04240954313253635
133;18.05.2018;17;33;13;8;14;10;-;5;0.03868629394945182
134;09.05.2018;18;32;13;8;15;9;-;5;0.04387387035306591
135;20.04.2018;17;32;12;10;15;10;-;4;0.14314775568559365
136;05.04.2018;18;33;12;9;14;10;-;4;0.04858105449537672
137;23.03.2018;19;33;12;9;13;10;-;4;0.06491145829415572
138;01.03.2018;18;34;11;9;15;9;-;4;0.0956661966117973
139;23.02.2018;17;34;12;9;14;10;-;4;0.08339146387820519
140;15.02.2018;16;33;13;9;15;11;-;3;0.07397775838019735
141;01.02.2018;18;33;11;10;14;11;-;3;0.05448321878079354
142;26.01.2018;19;33;11;10;12;10;-;5;0.03723985377002617
143;04.01.2018;21;33;11;9;13;9;-;4;0.08322113823232746
144;15.12.2017;20;32;12;9;13;9;-;5;0.07096535649579257
145;07.12.2017;21;32;11;9;13;10;-;4;0.07280331676616503
146;20.11.2017;22;32;11;10;11;10;-;4;0.04833115123359024
147;17.11.2017;21;31;11;11;12;10;-;4;0.05972263754885704
148;09.11.2017;21;30;11;12;13;9;-;4;0.05468497565864736
149;20.10.2017;21;31;11;12;12;9;-;4;0.041492703551527066
150;12.10.2017;20;32;10;11;11;10;-;6;0.0561875399375399
151;14.09.2017;20;37;7,5;9,5;12;9;-;5;0.06844833994833993
152;07.09.2017;21;37;8;9;11;10;-;4;0.04174041889483065
153;31.08.2017;23;37;8;8;11;9;-;4;0.058750636618283655
154;25.08.2017;22;38;8;9;10;9;-;4;0.07027242217810238
155;09.08.2017;24;39;8;8;8;9;-;4;0.04063286237924722
156;28.07.2017;23;40;8;8;9;8;-;4;0.05247688453646869
157;06.07.2017;23;39;8;9;9;9;-;3;0.02295471376353728
158;16.06.2017;24;39;7;9;8;8;-;5;0.02782736335765017
159;08.06.2017;24;38;7;10;9;8;-;4;0.03477238206490513
160;19.05.2017;26;38;8;9;9;6;-;4;0.02416416238996881
161;11.05.2017;27;37;8;8;10;7;-;3;0.050839598997493705
162;21.04.2017;30;35;7;6;10;8;-;4;0.0808448301291665
163;13.04.2017;31;34;8;6;11;7;-;3;0.1312968243018922
164;24.03.2017;32;32;8;6;11;7;-;4;0.05068060535414789
165;09.03.2017;31;32;8;6;11;8;-;4;0.043418200573372964
166;24.02.2017;32;31;8;6;11;7;-;5;0.031603924659287186
167;02.02.2017;28;34;8;6;12;8;-;4;0.022992001217807638
168;27.01.2017;23;35;9;6;14;8;-;5;0.034689331665138094
169;05.01.2017;20;37;9;5;15;9;-;5;0.09307685290443907
170;16.12.2016;21;36;10;6;13;9;-;5;0.08091841287437185
171;08.12.2016;22;35;11;5;13;9;-;5;0.059462365680774974
172;18.11.2016;23;32;13;6;12;9;-;5;0.03915789839362245
173;03.11.2016;22;33;12;6;13;9;-;5;0.05303361821388963
174;21.10.2016;22;33;12;5;14;9;-;5;0.08662624596667146
175;06.10.2016;22;33;11;6;14;9;-;5;0.09145661848588177
176;23.09.2016;22;32;12;6;16;8;-;4;0.0658130999265079
177;01.09.2016;23;33;11;5;14;9;-;5;0.06859701708966413
178;26.08.2016;22;33;12;5;13;9;-;6;0.07167646965513981
179;04.08.2016;22;34;13;5;12;9;-;5;0.04072398781513558
180;15.07.2016;22;33;14;6;12;8;-;5;0.06252771000873464
181;07.07.2016;22;34;13;6;12;9;-;4;0.04512850698290439
182;17.06.2016;21;31;14;7;14;9;-;4;0.048930877019112286
183;02.06.2016;21;32;13;6;15;9;-;4;0.01927637721755366
184;20.05.2016;21;32;12;7;15;9;-;4;0.03467089827383944
185;04.05.2016;20;33;13;6;15;8;-;5;0.061450803403243937
186;22.04.2016;21;33;12;7;14;8;-;5;0.027386772871650766
187;07.04.2016;21;34;13;7;14;7;-;4;0.05125009357810108
188;24.03.2016;22;34;12;7;13;8;-;4;0.04928623868839231
189;29.02.2016;23;36;10;6;11;9;-;5;0.0271795405824641
190;26.02.2016;23;37;11;6;10;8;-;5;0.0477398394789699
191;03.02.2016;24;35;10;5;12;9;-;5;0.0441881303399933
192;15.01.2016;25;37;10;4;10;8;-;6;0.06362046570233068
193;07.01.2016;24;39;11;4;9;8;-;5;0.07480152064941833
194;18.12.2015;24;38;10;4;10;8;-;6;0.04026093267472576
195;03.12.2015;25;37;11;4;10;8;-;5;0.055624411841841345
196;20.11.2015;25;37;10;5;9;8;-;6;0.050039640886023175
197;05.11.2015;24;37;11;5;8;9;-;6;0.051609544889717286
198;23.10.2015;24;38;11;5;8;9;-;5;0.06825589448865307
199;01.10.2015;24;40;10;5;6;9;-;6;0.07001201198182619
200;11.09.2015;25;42;11;4;4;9;-;5;0.045460314620492576
201;03.09.2015;24;42;12;4;4;8;-;6;0.061670567856732326
202;14.08.2015;24;42;11;4;4;9;-;6;0.047998619737750145
203;30.07.2015;24;42;11;5;4;9;-;5;0.07414793294596939
204;17.07.2015;24;41;11;6;4;9;-;5;0.03628921802834843
205;02.07.2015;25;40;11;5;5;10;-;4;0.06516362014400559
206;19.06.2015;25;40;10;5;5;10;-;5;0.0884629789854137
207;03.06.2015;25;40;10;6;5;9;-;5;0.05398148148148145
208;22.05.2015;26;41;9;5;5;9;-;5;0.046976086949124085
209;07.05.2015;25;40;10;4;6;9;-;6;0.06735505797830392
210;24.04.2015;24;41;11;4;6;8;-;6;0.06875879627016823
211;02.04.2015;25;41;10;4;6;9;-;5;0.06756699511227487
212;13.03.2015;24;41;11;4;6;9;-;5;0.060001801359559945
213;05.03.2015;25;41;10;4;6;9;-;5;0.07835564892120125
214;13.02.2015;24;42;10;3;7;8;-;6;0.1263772539241554
215;05.02.2015;25;41;10;3;6;9;-;6;0.09996692275005736
216;16.01.2015;25;41;10;4;6;8;-;6;0.050195708697010996
217;08.01.2015;26;41;10;3;6;8;-;6;0.09124569874569873
218;19.12.2014;25;42;10;-;6;8;-;9;0.054749150755342646
219;04.12.2014;26;40;11;2;7;9;-;5;0.062227281805777225
220;21.11.2014;26;41;11;3;6;8;-;5;0.06608733338060721
221;06.11.2014;25;41;10;3;7;9;-;5;0.045805116102831736
222;24.10.2014;26;40;10;2;7;9;-;6;0.09527468243439915
223;02.10.2014;24;41;9;2;9;10;-;5;0.07540362419897619
224;26.09.2014;25;39;10;3;8;10;-;5;0.06835244382175758
225;04.09.2014;24;40;10;3;7;10;-;6;0.12444291588161074
226;29.08.2014;25;42;9;3;5;9;-;7;0.1367388651619016
227;07.08.2014;26;41;10;3;5;9;-;6;0.1819805236270753
228;18.07.2014;26;40;10;4;4;10;-;6;0.1833787959116906
229;03.07.2014;26;39;11;4;5;9;-;6;0.10016447740712445
230;20.06.2014;25;39;12;4;6;8;-;6;0.0819861847910628
231;05.06.2014;26;38;11;4;7;9;-;5;0.05094338711411693
232;15.05.2014;26;39;11;4;6;9;-;5;0.0517720691779616
233;30.04.2014;26;40;10;4;5;9;-;6;0.14544181308887189
234;25.04.2014;25;41;10;4;5;10;-;5;0.13110554524840237
235;03.04.2014;26;41;10;4;5;9;-;5;0.05070110207104526
236;28.03.2014;25;41;10;4;5;8;-;7;0.07594225105149076
237;06.03.2014;24;42;11;4;4;9;-;6;0.11002357549775618
238;28.02.2014;26;40;10;4;5;9;-;6;0.05219265388450446
239;06.02.2014;27;41;9;4;5;9;-;5;0.05368663594470043
240;31.01.2014;27;42;9;4;4;8;-;6;0.04874478745358225
241;09.01.2014;27;41;9;4;4;8;-;7;0.05890533958275892
242;20.12.2013;27;42;9;4;4;8;-;6;0.04431376922210643
243;05.12.2013;25;43;10;3;4;9;-;6;0.027714482916095802
244;22.11.2013;25;42;10;3;4;9;-;7;0.02671175186178784
245;07.11.2013;26;42;10;3;4;9;-;6;0.06177228745904488
246;25.10.2013;27;40;9;4;5;9;-;6;0.04994007299889651
247;10.10.2013;26;42;8;3;4,5;9;-;7,5;0.04651800647663782
248;22.09.2013;25,7;41,5;8,4;4,8;4,7;8,6;-;4;0.08011739093315116
249;12.09.2013;28;40;10;5;2,5;8;-;4;0.07139962774990613
250;05.09.2013;27;41;10;5;3;8;-;6;0.13344284274666923
251;29.08.2013;26;41;11;5;3;8;-;6;0.11255691883611789
252;23.08.2013;24;42;12;5;3;9;-;3;0.05376881018463166
253;15.08.2013;25;42;12;5;-;8;-;5;0.05865913031879416
254;09.08.2013;25;42;13;5;-;7;-;5;0.07538851155230461
255;01.08.2013;26;42;13;5;-;7;-;7;0.03379390166028094
256;25.07.2013;25;42;14;4;2;7;-;6;0.01915944645502033
257;19.07.2013;26;41;13;4;3;7;-;6;0.029464817440623882
258;12.07.2013;26;41;14;4;3;6;-;6;0.05127269350095435
259;04.07.2013;25;42;14;4;-;7;-;5;0.02664909227409225
260;28.06.2013;26;41;13;4;-;7;-;6;0.03666376246578841
261;21.06.2013;25;41;14;5;-;7;-;8;0.04510037036856041
262;14.06.2013;26;41;15;4;2;7;-;5;0.0530168658643156
263;06.06.2013;27;41;14;4;3;6;-;5;0.08322174069962522
264;31.05.2013;26;42;14;4;3;6;-;5;0.12432222345032443
265;24.05.2013;27;41;14;4;2;6;-;4;0.05447002491391535
266;17.05.2013;26;41;14;4;3;6;-;3;0.07426874578660292
267;10.05.2013;27;40;14;5;3;6;-;5;0.08164423076923075
268;02.05.2013;26;40;15;4;3;7;-;5;0.03144670050009315
269;26.04.2013;27;40;14;4;3;7;-;5;0.03405431702150276
270;21.04.2013;27;41;14;4;3;7;-;4;0.03918826489360776
271;12.04.2013;27;42;15;4;-;7;-;3;0.08650172178973865
272;04.04.2013;27;41;14;4;-;8;-;3;0.0954207201392556
273;28.03.2013;28;39;15;4;-;8;-;3;0.11230612104242521
274;22.03.2013;27;38;16;5;-;8;-;4;0.1363040388629859
275;14.03.2013;25;40;17;5;-;7;-;3;0.0723537084779142
276;07.03.2013;26;40;17;4;-;7;-;4;0.03568536926965907
277;28.02.2013;27;41;15;4;-;6;-;4;0.043264885020103214
278;21.02.2013;28;40;15;5;-;6;-;3;0.054157363558799264
279;15.02.2013;27;40;16;4;-;7;-;3;0.06859754166255712
280;07.02.2013;29;39;15;4;-;6;-;4;0.08182403034376715
281;31.01.2013;27;40;15;4;-;6;-;4;0.05591201387097966
282;24.01.2013;27;42;14;4;-;6;-;4;0.0766894553065031
283;18.01.2013;26;42;13;4;-;7;-;4;0.07293714008359965
284;10.01.2013;28;41;14;4;-;6;-;4;0.0715657972295903
285;04.01.2013;29;41;12;4;-;6;-;4;0.04715197956577265
286;21.12.2012;30;40;13;4;-;7;-;3;0.0591764490793726
287;06.12.2012;30;39;14;4;-;7;-;3;0.05358044240762867
288;23.11.2012;29;39;15;4;-;6;-;3;0.12323662951612131
289;08.11.2012;30;40;14;4;-;6;-;2;0.046489197023533387
290;26.10.2012;30;38;13;4;-;7;-;3;0.07771101348180451
291;04.10.2012;31;39;11;4;-;7;-;4;0.0712831223962139
292;28.09.2012;30;37;12;4;-;7;-;4;0.07601952502655021
293;06.09.2012;30;37;13;4;-;6;-;4;0.047263841358174186
294;17.08.2012;29;36;13;5;-;6;-;4;0.09697191039518402
295;01.08.2012;28;36;13;5;-;6;-;4;0.12604329418984586
296;20.07.2012;30;35;14;4;-;6;-;3;0.08775340157949994
297;05.07.2012;30;35;14;4;-;7;-;3;0.054384526763559
298;22.06.2012;31;34;14;4;-;6;-;3;0.0592579527431902
299;06.06.2012;30;34;13;5;-;5;-;4;0.1001651337792642
300;25.05.2012;29;33;13;5;-;6;-;3;0.027492443193662702
301;18.05.2012;30;33;13;5;-;5;-;3;0.028841569213841338
302;03.05.2012;28;34;14;4;-;6;-;3;0.03885276390657786
303;12.04.2012;27;35;14;3;-;6;-;4;0.056559468628434126
304;04.04.2012;27;35;14;3;-;7;-;4;0.05757061974507778
305;16.03.2012;30;37;13;3;-;7;-;4;0.039052946537466646
306;01.03.2012;28;37;14;3;-;7;-;4;0.04052267562347304
307;17.02.2012;29;36;16;3;-;7;-;3;0.060394211334788575
308;02.02.2012;29;36;15;3;-;7;-;4;0.050734262907437745
309;19.01.2012;29;36;15;3;-;7;-;4;0.043654439901242945
310;05.01.2012;30;35;16;2;-;6;-;5;0.0288689269734634
311;23.12.2011;30;36;16;3;-;6;-;3;0.0326937884417471
312;01.12.2011;30;35;16;3;-;7;-;3;0.050061309173959144
313;25.11.2011;30;35;14;3;-;7;-;4;0.028992158959280024
314;03.11.2011;31;34;15;4;-;6;-;3;0.01901222651222649
315;28.10.2011;32;33;14;3;-;7;-;4;0.03900590150590147
316;06.10.2011;30;32;17;3;-;6;-;4;0.06887233823295202
317;26.09.2011;30;34;18;4;-;6;-;4;0.025814224177674004
318;16.09.2011;30;33;19;5;-;7;-;6;0.062361516866522394
319;09.09.2011;30;35;18;3;-;7;-;7;0.043644319200969416
320;01.09.2011;28;35;20;4;-;7;-;6;0.03427111133690079
321;19.08.2011;27;34;21;5;-;7;-;6;0.0479494962220952
322;04.08.2011;28;32;23;4;-;8;-;5;0.045766586319914274
323;22.07.2011;27;33;23;4;-;8;-;5;0.06199624640065813
324;07.07.2011;26;32;23;5;-;8;-;6;0.05051434252092145
325;24.06.2011;26;34;23;4;-;7;-;6;0.075518278018278
326;10.06.2011;25;33;24;5;-;8;-;5;0.08745416133574026
327;22.05.2011;26;33;23;4;-;8;-;6;0.03457588627847246
328;13.05.2011;26;33;22;5;-;8;-;6;0.05822473022473017
329;05.05.2011;26;35;23;4;-;7;-;5;0.04849561372749356
330;15.04.2011;26;33;24;4;-;8;-;5;0.08685764809902737
331;07.04.2011;27;33;23;5;-;7;-;5;0.09064112276357826
332;24.03.2011;27;35;21;5;-;7;-;5;0.0946246258718263
333;18.03.2011;28;35;20;5;-;7;-;5;0.06208677494003578
334;10.03.2011;28;35;15;6;-;9;-;7;0.041561654631587605
335;24.02.2011;27;35;17;6;-;8;-;7;0.03796069756489312
336;18.02.2011;25;37;18;5;-;8;-;7;0.02543292498487597
337;13.02.2011;26;35;19;5;-;9;-;6;0.02263815789473684
338;03.02.2011;25;36;19;5;-;8;-;7;0.0062745098039215606
339;21.01.2011;28;34;19;4;-;8;-;7;0.027174168274974708
340;06.01.2011;26;36;19;4;-;9;-;6;0.005263157894736839
341;10.12.2010;27;33;20;5;-;10;-;5;0.01236064659977702
342;02.12.2010;27;32;21;5;-;10;-;5;0.06944139194139191
343;12.11.2010;26;31;23;5;-;10;-;5;0.0341915251164477
344;04.11.2010;27;32;22;5;-;9;-;5;0.031191876750700266
345;15.10.2010;28;31;21;5;-;10;-;5;0.030016429963798368
346;07.10.2010;27;32;20;5;-;11;-;5;0.053853874883286613
347;30.09.2010;29;33;18;5;-;10;-;5;0.04699801797423821
348;17.09.2010;29;32;18;5;-;10;-;6;0.03145502645502642
349;02.09.2010;30;32;17;5;-;10;-;6;0.05533020716398529
350;20.08.2010;31;31;16;5;-;10;-;7;0.040925925925925914
351;05.08.2010;31;31;17;5;-;10;-;6;0.10514285714285712
352;23.07.2010;30;33;17;5;-;10;-;5;0.03580519480519479
353;01.07.2010;30;33;17;5;-;10;-;5;0.025764644562598506
354;15.06.2010;29;32;17;5;-;11;-;6;0.03650477874615803
355;11.06.2010;29;31;16;6;-;12;-;6;0.07306206029787783
356;02.06.2010;29;32;16;8;-;10;-;5;0.08975534914489787
357;27.05.2010;27;33;16;7;-;11;-;6;0.07060851779670559
358;14.05.2010;28;32;17;7;-;11;-;5;0.031678060274576085
359;29.04.2010;26;35;16;8;-;10;-;5;0.050907633740733295
360;16.04.2010;26;36;14;9;-;10;-;5;0.06518926660581637
361;31.03.2010;28;35;14;8;-;10;-;5;0.03242389911430159
362;19.03.2010;27;35;14;9;-;10;-;5;0.08322220563599869
363;04.03.2010;25;36;14;10;-;11;-;4;0.02714926076339118
364;19.02.2010;27;34;15;10;-;10;-;4;0.03958982423218045
365;04.02.2010;26;36;15;8;-;11;-;4;0.03132043318999839
366;22.01.2010;25;36;13;10;-;11;-;5;0.041913411773649226
367;07.01.2010;25;36;12;11;-;10;-;6;0.05879002517160409
368;11.12.2009;24;35;14;12;-;11;-;4;0.06978692715330645
369;03.12.2009;24;35;13;12;-;11;-;5;0.07070675029749438
370;19.11.2009;22;35;12;13;-;12;-;6;0.0538413855986322
371;13.11.2009;21;35;13;13;-;12;-;6;0.06051039944923172
372;05.11.2009;22;35;12;14;-;12;-;5;0.05419895492476136
373;16.10.2009;22;34;12;14;-;13;-;5;0.02978488902401945
374;08.10.2009;23;34;11;14;-;13;-;5;0.0210361377752682
375;17.09.2009;26;35;10;14;-;11;-;4;0.08308947047104939
376;10.09.2009;23;35;12;14;-;12;-;4;0.08249478912584264
377;03.09.2009;23;35;13;14;-;11;-;4;0.05117357011454465
378;27.08.2009;23;35;13;15;-;10;-;4;0.01562776304155613
379;20.08.2009;23;36;13;15;-;9;-;4;0.02002304147465437
380;13.08.2009;22;37;12;15;-;9;-;5;0.03242144048943268
381;06.08.2009;23;35;13;16;-;10;-;3;0.024090608465608447
382;30.07.2009;24;36;13;14;-;10;-;3;0.00821018062397372
383;17.07.2009;23;36;13;14;-;10;-;4;0.05206352720651587
384;02.07.2009;23;35;13;15;-;10;-;4;0.0194074074074074
385;26.06.2009;24;35;13;15;-;9;-;4;0.03768908382066274
386;11.06.2009;25;36;13;14;-;9;-;3;0.036915536154666556
387;15.05.2009;28;35;12;13;-;9;-;3;0.029600857475857455
388;07.05.2009;27;34;11;14;-;10;-;4;0.04157327586206896
389;16.04.2009;26;35;11;14;-;10;-;4;0.028272068511198935
390;08.04.2009;27;34;11;14;-;10;-;4;0.03559963090302355
391;02.04.2009;26;34;11;15;-;11;-;3;0.05649882445141065
392;20.03.2009;27;33;10;16;-;10;-;4;0.02671652421652419
393;05.03.2009;27;32;11;17;-;10;-;3;0.061531341941811035
394;20.02.2009;26;33;11;16;-;11;-;3;0.0383712991988854
395;05.02.2009;25;34;11;16;-;11;-;3;0.05021304896227494
396;22.01.2009;25;35;11;14;-;11;-;4;0.13601387063066703
397;08.01.2009;26;37;10;13;-;10;-;4;0.21930714800196976
398;18.12.2008;24;37;11;12;-;11;-;5;0.054802243753856617
399;12.12.2008;23;36;12;13;-;12;-;4;0.045571489465351334
400;05.12.2008;23;37;12;12;-;12;-;4;0.044188990946230425
401;06.11.2008;25;37;11;11;-;12;-;4;0.04505118000279289
402;16.10.2008;25;35;10;12;-;13;-;5;0.02069565217391304
403;02.10.2008;25;35;11;13;-;11;-;5;0.029106748934335132
404;18.09.2008;26;37;10;12;-;12;-;3;0.062024414024414
405;10.09.2008;26;36;10;12;-;12;-;4;0.06531226260308408
406;04.09.2008;26;36;10;11;-;13;-;4;0.09399778382537001
407;21.08.2008;25;37;10;12;-;13;-;3;0.2082733984591604
408;08.08.2008;24;36;11;12;-;14;-;3;0.06689800395682746
409;10.07.2008;24;37;12;11;-;12;-;4;0.03272036871174801
410;03.07.2008;25;36;11;12;-;13;-;3;0.04906926406926406
411;12.06.2008;24;36;11;12;-;13;-;4;0.03914551083591331
412;05.06.2008;24;34;12;13;-;14;-;3;0.01604013377926421
413;15.05.2008;25;36;12;11;-;12;-;4;0.04465531561461793
414;01.05.2008;27;37;10;10;-;12;-;4;0.04894209956709955
415;24.04.2008;27;36;11;10;-;12;-;4;0.04399007152770362
416;03.04.2008;26;37;11;10;-;12;-;4;0.027537815126050406
417;20.03.2008;27;38;11;9;-;12;-;3;0.043720221762353934
418;06.03.2008;28;39;10;8;-;12;-;3;0.024905445417366858
419;21.02.2008;29;37;9;10;-;12;-;3;0.014615683229813659
420;07.02.2008;30;38;9;9;-;11;-;3;0.04885059061095924
421;24.01.2008;30;39;9;9;-;10;-;3;0.016548821548821528
422;11.01.2008;30;39;9;9;-;9;-;4;0.01970841658341657
423;14.12.2007;28;39;9;10;-;10;-;4;0.037962121212121204
424;06.12.2007;28;40;9;9;-;11;-;3;0.028913493913493897
425;15.11.2007;30;41;9;8;-;9;-;3;0.04095622895622894
426;01.11.2007;30;40;8;8;-;10;-;4;0.12097682709447413
427;18.10.2007;28;41;10;7;-;10;-;4;0.0327882901698691
428;05.10.2007;27;40;10;8;-;11;-;4;0.02315726592466828
429;20.09.2007;27;39;11;10;-;10;-;3;0.039353059497664586
430;06.09.2007;27;39;11;9;-;10;-;4;0.03791318814277071
431;10.08.2007;28;38;10;10;-;10;-;4;0.051948541138943594
432;02.08.2007;28;38;11;9;-;11;-;3;0.04750780937851874
433;12.07.2007;28;38;11;9;-;11;-;3;0.05988023717276025
434;05.07.2007;28;38;10;10;-;11;-;3;0.029887649141379112
435;24.06.2007;29;38;10;9;-;10;-;4;0.0567918617958714
436;14.06.2007;29;38;11;9;-;9;-;4;0.035144430732665995
437;07.06.2007;31;37;11;9;-;9;-;3;0.036294385274894994
438;18.05.2007;30;37;11;9;-;9;-;4;0.024249158249158242
439;11.05.2007;31;36;11;10;-;8;-;4;0.022569561983355073
440;03.05.2007;31;37;11;10;-;8;-;3;0.046459984362907866
441;19.04.2007;31;36;11;10;-;8;-;4;0.03833440422645819
442;05.04.2007;31;36;11;11;-;8;-;3;0.027619602619602602
443;09.03.2007;30;37;11;10;-;8;-;4;0.038918361332154414
444;01.03.2007;31;36;11;10;-;8;-;4;0.06083800650179959
445;08.02.2007;32;33;11;12;-;8;-;4;0.0590777643409222
446;01.02.2007;31;35;11;11;-;8;-;4;0.06263333888333886
447;11.01.2007;31;35;10;11;-;8;-;5;0.028296374677953616
448;04.01.2007;30;36;11;11;-;8;-;4;0.09574635730123535
449;14.12.2006;31;34;12;11;-;8;-;4;0.05307416371376324
450;07.12.2006;31;35;11;10;-;8;-;5;0.03487302502594856
451;16.11.2006;32;34;10;11;-;8;-;5;0.03913017831260322
452;02.11.2006;31;31;12;13;-;9;-;4;0.04455690381212201
453;19.10.2006;32;32;11;12;-;9;-;4;0.053891252117058544
454;05.10.2006;33;30;10;13;-;9;-;5;0.033537952787952775
455;21.09.2006;31;32;10;13;-;9;-;5;0.04001373626373626
456;07.09.2006;28;34;10;14;-;9;-;5;0.05791707001859138
457;24.08.2006;29;35;9;13;-;10;-;4;0.08725787156371861
458;03.08.2006;29;35;10;12;-;9;-;5;0.18811439518336065
459;21.07.2006;29;35;10;13;-;9;-;4;0.11601582325720254
460;13.07.2006;28;35;11;12;-;9;-;5;0.0745500345065562
461;06.07.2006;29;35;10;12;-;10;-;4;0.05894806940723454
462;15.06.2006;30;37;9;10;-;10;-;4;0.05581598679424764
463;09.06.2006;30;37;10;10;-;9;-;4;0.035384416864926584
464;01.06.2006;30;37;10;10;-;9;-;4;0.05503043364681294
465;18.05.2006;30;37;10;10;-;9;-;4;0.04929488545696982
466;11.05.2006;31;38;9;9;-;9;-;4;0.07564095626595624
467;04.05.2006;31;39;10;9;-;8;-;3;0.06931996164754783
468;27.04.2006;32;37;10;9;-;8;-;4;0.05213464696223313
469;20.04.2006;32;38;10;9;-;8;-;3;0.06641395154553048
470;12.04.2006;31;40;9;9;-;8;-;3;0.061005032829302565
471;06.04.2006;30;40;9;10;-;8;-;3;0.05105216230172914
472;30.03.2006;31;41;8;9;-;8;-;3;0.039573776731705805
473;23.03.2006;31;41;9;8;-;8;-;3;0.04099846069145288
474;16.03.2006;30;40;9;9;-;8;-;4;0.06111356749475187
475;09.03.2006;29;41;9;9;-;8;-;4;0.04706199286223515
476;02.03.2006;30;41;10;9;-;7;-;3;0.04830219473172763
477;23.02.2006;31;42;9;8;-;7;-;3;0.05282214013113841
478;16.02.2006;30;42;8;9;-;8;-;3;0.04606792057011661
479;09.02.2006;31;41;8;8;-;8;-;4;0.024100945805013103
480;02.02.2006;32;40;7;8;-;9;-;4;0.013610983981693359
481;26.01.2006;33;40;8;7;-;9;-;3;0.0347995516085499
482;19.01.2006;32;39;9;8;-;9;-;3;0.07208120550004361
483;12.01.2006;32;39;9;8;-;9;-;3;0.04048497396323481
484;05.01.2006;31;39;9;9;-;9;-;3;0.06703425229741017
485;21.12.2005;32;36;9;9;-;10;-;4;0.03423076923076921
486;15.12.2005;33;35;9;10;-;9;-;4;0.0576263048545657
487;08.12.2005;34;36;9;10;-;8;-;3;0.02534090909090909
488;01.12.2005;34;36;9;10;-;8;-;3;0.029515392015392
489;24.11.2005;34;35;9;10;-;9;-;3;0.041516816516816504
490;17.11.2005;34;34;9;11;-;9;-;3;0.05426834659593276
491;10.11.2005;33;36;8;10;-;10;-;3;0.026951970443349727
492;03.11.2005;32;37;9;10;-;9;-;3;0.02432327586206895
493;27.10.2005;34;36;9;9;-;9;-;3;0.014267857142857141
494;20.10.2005;34;37;8;9;-;9;-;3;0.01114285714285714
495;13.10.2005;34;37;8;9;-;8;-;4;0.03139387367850365
496;06.10.2005;34;36;8;10;-;8;-;4;0.022424158961243352
497;29.09.2005;34;36;8;9;-;9;-;4;0.031941315823988445
498;22.09.2005;34;35;8;10;-;9;-;4;0.03021097874039048
499;08.09.2005;34;41;7;6,5;-;8,5;-;3;0.02058531746031745
500;01.09.2005;32;43;7;6;-;9;-;3;0.02876984126984125
501;25.08.2005;31;42;8;7;-;9;-;3;0.051027972027972004
502;17.08.2005;30;42;8;7;-;9;-;4;0.047091097308488594
503;11.08.2005;29;42;9;6;-;10;-;4;0.01804347826086956
504;04.08.2005;29;42;8;6;-;11;-;4;0.018636363636363628
505;28.07.2005;28;42;8;7;-;12;-;3;0.013473338518710559
506;21.07.2005;27;42;9;7;-;12;-;3;0.032304507349879386
507;15.07.2005;27;42;9;8;-;11;-;3;0.013241106719367578
508;08.07.2005;27;43;8;7;-;11;-;4;0.017501144164759723
509;01.07.2005;27;44;8;7;-;10;-;4;0.0152121212121212
510;24.06.2005;27;45;9;7;-;9;-;3;0.02168970814132103
511;17.06.2005;28;46;8;7;-;8;-;3;0.02012977382276602
512;10.06.2005;29;47;9;7;-;5;-;3;0.01404853128991059
513;03.06.2005;28;48;9;7;-;4;-;4;0.0063492063492063405
514;27.05.2005;29;47;8;6;-;5;-;5;0.01214285714285714
515;23.05.2005;30;46;7;7;-;5;-;5;0.02599567099567099
516;22.05.2005;29;46;8;8;-;4;-;5;0.029567099567099558
517;20.05.2005;29;45;10;7;-;4;-;5;0.02599567099567099
518;13.05.2005;29;44;10;8;-;4;-;5;0.060420087575259976
519;04.05.2005;29;45;10;7;-;4;-;5;0.02909523809523809
520;29.04.2005;29;45;10;6;-;5;-;5;0.027473916887709983
521;22.04.2005;30;44;10;6;-;5;-;5;0.01780725022104331
522;15.04.2005;29;44;9;7;-;5;-;6;0.024191729323308257
523;08.04.2005;29;45;9;7;-;5;-;5;0.042164375035084384
524;01.04.2005;29;45;9;7;-;5;-;5;0.024641945773524708
525;24.03.2005;30;44;9;7;-;5;-;5;0.026054048163887972
526;18.03.2005;30;43;9;7;-;5;-;6;0.026702286698884203
527;11.03.2005;30;44;10;6;-;5;-;5;0.05102066938259196
528;04.03.2005;31;43;10;6;-;5;-;5;0.0457583060214639
529;25.02.2005;31;42;11;6;-;5;-;5;0.0370817369093231
530;18.02.2005;32;40;11;7;-;5;-;5;0.04678499907752215
531;11.02.2005;31;40;11;7;-;5;-;6;0.0223148148148148
532;04.02.2005;32;39;11;7;-;5;-;6;0.04357343075085009
533;28.01.2005;33;38;12;7;-;5;-;5;0.041716524216524185
534;21.01.2005;33;38;12;8;-;4;-;5;0.06443963443963441
535;14.01.2005;33;37;12;8;-;5;-;5;0.03397888661046554
536;07.01.2005;33;38;12;8;-;5;-;4;0.03055555555555555
537;22.12.2004;34;38;12;7;-;5;-;4;0.03421337434495328
538;17.12.2004;32;40;11;7;-;5;-;5;0.02737301587301586
539;10.12.2004;32;40;11;8;-;5;-;4;0.01713081554460863
540;03.12.2004;33;40;11;7;-;4;-;5;0.02379310344827585
541;26.11.2004;32;39;11;8;-;5;-;5;0.03354679802955663
542;19.11.2004;32;39;12;7;-;5;-;5;0.01489655172413793
543;12.11.2004;31;40;12;7;-;5;-;5;0.03139656729900631
544;05.11.2004;30;40;13;8;-;5;-;4;0.01769148333305278
545;29.10.2004;31;38;12;8;-;6;-;5;0.02910973084886128
546;22.10.2004;31;38;12;8;-;5;-;6;0.022545454545454542
547;15.10.2004;30;40;13;7;-;5;-;5;0.04020280444193486
548;08.10.2004;29;41;12;7;-;6;-;5;0.03547533796127145
549;01.10.2004;29;41;12;7;-;6;-;5;0.02473578595317724
550;24.09.2004;26;43;13;7;-;6;-;5;0.05150552257448808
551;17.09.2004;26;43;13;6;-;6;-;6;0.06727163366368762
552;10.09.2004;26;44;13;6;-;6;-;5;0.04801118577823972
553;03.09.2004;26;44;12;6;-;7;-;5;0.01651660839160838
554;27.08.2004;25;43;12;7;-;7;-;6;0.03450757575757575
555;20.08.2004;24;43;13;6;-;8;-;6;0.03511847801321484
556;13.08.2004;24;44;12;7;-;8;-;5;0.0330539664378337
557;06.08.2004;23;44;13;8;-;7;-;5;0.02649132730015082
558;30.07.2004;25;44;12;7;-;7;-;5;0.032670655218609165
559;23.07.2004;25;44;12;7;-;7;-;5;0.05508375682288724
560;16.07.2004;23;46;13;7;-;7;-;4;0.07998023715415017
561;12.07.2004;23;45;13;7;-;7;-;5;0.0939641943734015
562;02.07.2004;23;45;13;7;-;7;-;5;0.04470779220779218
563;25.06.2004;24;45;13;7;-;6;-;5;0.05877923823840338
564;18.06.2004;24;45;12;8;-;6;-;5;0.045626811594202885
565;11.06.2004;26;46;11;8;-;5;-;4;0.023413848631239922
566;04.06.2004;27;46;11;6;-;5;-;5;0.01941798941798941
567;28.05.2004;27;46;11;7;-;5;-;4;0.06664811066126852
568;21.05.2004;26;47;11;6;-;5;-;5;0.04947630871543911
569;14.05.2004;26;47;12;7;-;4;-;4;0.012739434478564899
570;07.05.2004;27;46;12;7;-;4;-;4;0.02077380952380952
571;30.04.2004;26;47;11;6;-;5;-;5;0.08702051571616787
572;23.04.2004;27;46;11;6;-;5;-;5;0.05681619417563942
573;16.04.2004;27;46;11;7;-;5;-;4;0.07600886141178491
574;08.04.2004;27;46;11;7;-;5;-;4;0.06630702630702628
575;02.04.2004;27;47;11;7;-;5;-;3;0.05568145093067691
576;26.03.2004;26;48;11;6;-;5;-;4;0.07074904916284223
577;19.03.2004;26;48;12;6;-;4;-;4;0.04329874745167097
578;12.03.2004;25;49;11;6;-;5;-;4;0.06757763975155279
579;05.03.2004;24;50;11;6;-;5;-;4;0.07219501512979772
580;27.02.2004;25;47;11;9;-;5;-;3;0.04363354037267079
581;20.02.2004;25;47;11;9;-;5;-;3;0.0432777367559976
582;13.02.2004;24;48;11;8;-;5;-;4;0.0763966106971938
583;06.02.2004;24;49;11;8;-;5;-;3;0.02586649909230552
584;30.01.2004;25;48;11;8;-;5;-;3;0.0330955334987593
585;23.01.2004;25;47;12;8;-;5;-;3;0.03743173090999176
586;16.01.2004;26;48;11;7;-;5;-;3;0.06303346251172334
587;09.01.2004;26;48;10;7;-;5;-;4;0.023376623376623367
588;19.12.2003;26;49;11;6;-;4;-;4;0.03624431315810624
589;12.12.2003;25;50;10;7;-;4;-;4;0.048662378258286176
590;05.12.2003;26;51;10;6;-;3;-;4;0.031144105077928596
591;28.11.2003;27;49;11;7;-;3;-;3;0.058864734299516885
592;21.11.2003;27;49;11;7;-;3;-;3;0.05574896118374377
593;14.11.2003;25;50;11;6;-;4;-;4;0.03107942781855823
594;07.11.2003;24;51;10;7;-;4;-;4;0.026247284878863807
595;31.10.2003;24;51;11;6;-;4;-;4;0.04767675878659859
596;24.10.2003;25;50;12;6;-;3;-;4;0.06279369138959931
597;17.10.2003;26;50;11;5;-;3;-;5;0.03620202020202018
598;10.10.2003;26;50;11;5;-;3;-;5;0.08731974864697974
599;03.10.2003;27;50;11;5;-;3;-;4;0.057001882133461045
600;26.09.2003;28;48;11;6;-;4;-;3;0.050478335881561656
601;19.09.2003;29;46;10;7;-;4;-;4;0.06407316094377803
602;12.09.2003;30;46;9;6;-;4;-;5;0.0846298684788387
603;05.09.2003;29;46;10;6;-;4;-;5;0.04907759784075572
604;29.08.2003;30;46;10;6;-;4;-;4;0.03595469345469343
605;22.08.2003;30;46;10;7;-;4;-;3;0.043753089016246895
606;15.08.2003;30;45;10;8;-;3;-;4;0.05418959695275481
607;08.08.2003;30;46;10;7;-;4;-;3;0.05511630739252219
608;01.08.2003;31;46;9;6;-;4;-;4;0.05386316581968753
609;25.07.2003;31;45;10;7;-;4;-;3;0.06528138528138525
610;18.07.2003;31;46;10;6;-;4;-;3;0.05659774436090224
611;11.07.2003;32;46;9;6;-;4;-;3;0.0422579175210754
612;04.07.2003;30;47;10;7;-;4;-;2;0.0492089928538035
613;27.06.2003;30;47;10;6;-;4;-;3;0.11691391338130466
614;20.06.2003;30;48;9;6;-;4;-;3;0.15100576249553227
615;13.06.2003;29;47;10;7;-;4;-;3;0.1350695182953247
616;06.06.2003;29;47;10;7;-;4;-;3;0.08823744655916091
617;30.05.2003;30;46;11;7;-;4;-;2;0.06409673659673655
618;23.05.2003;28;47;10;8;-;4;-;3;0.0646312021312021
619;16.05.2003;27;48;10;8;-;4;-;3;0.04428663441821336
620;09.05.2003;29;47;11;7;-;4;-;2;0.07350549833308452
621;02.05.2003;28;48;10;7;-;4;-;3;0.08432652371293345
622;25.04.2003;30;46;12;6;-;3;-;3;0.08220551378446114
623;18.04.2003;30;47;11;5;-;4;-;3;0.17187966865258147
624;11.04.2003;31;46;10;6;-;3;-;4;0.2632537560478737
625;04.04.2003;31;45;11;6;-;3;-;4;0.30475891092102736
626;28.03.2003;31;46;11;5;-;3;-;4;0.3123195778575909
627;21.03.2003;30;47;10;5;-;4;-;4;0.24807982871713516
628;14.03.2003;28;49;11;6;-;3;-;3;0.1264095387371249
629;07.03.2003;27;49;12;6;-;3;-;3;0.18198442085120495
630;28.02.2003;28;49;11;6;-;4;-;2;0.18406633579501092
631;21.02.2003;28;49;11;6;-;3;-;3;0.21899360390558337
632;14.02.2003;27;49;12;6;-;3;-;3;0.1976304694554924
633;07.02.2003;28;49;11;6;-;3;-;3;0.1584465829549077
634;31.01.2003;30;47;10;7;-;3;-;3;0.16903142158720247
635;24.01.2003;30;47;10;7;-;3;-;3;0.22811892319300378
636;17.01.2003;30;47;11;6;-;3;-;3;0.2046331956955863
637;10.01.2003;29;48;12;5;-;3;-;3;0.21424164243049693
638;03.01.2003;31;47;10;5;-;4;-;3;0.26297506586980274
639;20.12.2002;30;47;11;5;-;4;-;3;0.09213197024181002
640;13.12.2002;29;47;11;6;-;4;-;3;0.08920988617300799
641;06.12.2002;28;48;12;5;-;4;-;3;0.03848654244306417
642;29.11.2002;30;48;11;5;-;4;-;2;0.07245918815484029
643;22.11.2002;30;48;11;4;-;4;-;3;0.07989648033126291
644;15.11.2002;32;46;10;5;-;4;-;3;0.07055031353086269
645;08.11.2002;34;44;10;5;-;4;-;3;0.060711397866129314
646;01.11.2002;35;43;9;6;-;4;-;3;0.09675568251015819
647;25.10.2002;36;41;10;6;-;4;-;3;0.0694696352241109
648;18.10.2002;37;40;10;6;-;4;-;3;0.05645547547082071
649;11.10.2002;38;39;9;7;-;4;-;3;0.05655928145409208
650;04.10.2002;38;39;9;7;-;4;-;3;0.059335469794240384
651;22.09.2002;38;38;9;7;-;4;-;3;0.07089074068869464
652;06.09.2002;38;40;8;8;-;4;-;2;0.06677970586289768
653;30.08.2002;39;41;7;7;-;4;-;2;0.04741965801600774
654;23.08.2002;36;41;7;8;-;4;-;4;0.058213716108452926
655;16.08.2002;34;40;7;10;-;5;-;4;0.06716791979949872
656;09.08.2002;34;41;7;9;-;5;-;4;0.09019664545980333
657;02.08.2002;35;40;7;9;-;5;-;4;0.08764695830485301
658;26.07.2002;35;41;7;9;-;5;-;3;0.03893141945773522
659;19.07.2002;35;40;6;9;-;6;-;4;0.021052631578947358
660;12.07.2002;35;40;6;9;-;6;-;4;0.04435897435897433
661;05.07.2002;36;40;6;9;-;6;-;3;0.020416202155332568
662;01.06.2002;34;39;8;10;-;6;-;3;0.07549152601784179
663;01.05.2002;32;41;7;11;-;5;-;4;0.053993002218808636
664;01.04.2002;34;39;7;9;-;7;-;4;0.06232632906545947
665;01.03.2002;36;40;6;9;-;6;-;3;0.07926661020139278
666;01.02.2002;36;41;6;8;-;7;-;2;0.04833796296296295
667;01.01.2002;38;39;5;8;-;7;-;3;0.10592291766204806
668;01.12.2001;40;36;6;9;-;7;-;2;0.05658300414182764
669;01.11.2001;41;35;6;9;-;6;-;3;0.1331659335167581
670;01.10.2001;40;36;6;9;-;5;-;4;0.05306367078764103
671;01.09.2001;38;36;7;10;-;5;-;4;0.023098470157293667
672;01.08.2001;38;36;7;10;-;6;-;3;0.018154761904761903
673;01.07.2001;39;34;7;10;-;7;-;3;0.01789328063241106
674;01.06.2001;39;37;7;9;-;5;-;3;0.04154176904176903
675;01.05.2001;41;35;7;8;-;5;-;4;0.026022126022126012
676;01.04.2001;39;36;7;8;-;5;-;5;0.02853835978835977
677;01.03.2001;40;35;8;8;-;5;-;4;0.05481564269064267
678;01.02.2001;38;35;8;9;-;5;-;5;0.0
679;01.01.2001;38;37;7;9;-;5;-;4;0.0
680;01.12.2000;38;37;8;7;-;5;-;5;0.01958605664488017
681;01.11.2000;39;37;6;7;-;6;-;5;0.009126984126984119
682;01.10.2000;39;39;6;6;-;6;-;4;0.00588235294117647
683;01.09.2000;43;34;6;8;-;6;-;3;0.012549019607843128
684;01.08.2000;42;34;6;9;-;5;-;4;0.0
685;01.07.2000;39;38;6;8;-;5;-;4;0.00833333333333333
686;01.06.2000;38;39;7;9;-;5;-;2;0.015557359307359301
687;01.05.2000;41;36;6;7;-;5;-;5;0.027950558213716097
688;07.04.2000;39;34;8;7;-;7;-;5;0.01486291486291485
689;03.03.2000;42;31;7;9;-;7;-;4;0.0
